"hbarrier_6m";201118.211671;4611.238770;162.562500;1.639366;353.603699;1.000001;-0.099418;
"hbarrier_6m";201082.997314;4596.989259;94.237267;0.000000;0.000000;1.000001;-0.263308;
"hbarrier_6m";201084.833618;4613.729005;96.686653;0.000000;0.000000;1.000000;-0.264003;
"hbarrier_6m";201083.904175;4608.097657;96.686653;0.000000;0.000000;1.000000;-0.263283;
"hbarrier_6m";201109.745851;4608.620118;162.562500;0.000000;0.000000;1.000000;-0.263243;
"hbarrier_6m";201123.651856;4612.930664;162.562500;1.639366;353.603699;1.000001;-0.098500;
"hbarrier_6m";201129.019166;4614.568848;162.562500;2.947230;349.417023;1.000001;-0.099152;
"hbarrier_6m";201083.408081;4602.505860;94.237267;0.000000;0.000000;1.000001;-0.263244;
"hbarrier_6m";201080.341431;4552.690919;94.237267;0.000000;0.000000;1.000001;-0.263376;
"hbarrier_6m";201080.752075;4558.086427;94.237267;0.000000;0.000000;1.000001;-0.263323;
"hbarrier_6m";201080.448608;4547.052735;94.237267;0.000000;0.000000;1.000001;-0.263316;
"hbarrier_6m";201081.833862;4580.380372;94.237267;0.000000;0.000000;1.000001;-0.263326;
"hbarrier_6m";201080.992798;4563.630860;94.237267;0.000000;0.000000;1.000001;-0.263496;
"hbarrier_6m";201082.612793;4591.400392;94.237267;0.000000;0.000000;1.000001;-0.263217;
"hbarrier_6m";201081.267212;4569.187989;94.237267;0.000000;0.000000;1.000001;-0.263479;
"hbarrier_6m";201082.312134;4586.068849;94.237267;0.000000;0.000000;1.000001;-0.263340;
"hbarrier_6m";201081.609009;4574.918946;94.237267;0.000000;0.000000;1.000001;-0.263470;
"hbarrier_6m";201178.098755;4581.187013;94.237267;0.000000;0.000000;1.000001;-0.263323;
"hbarrier_6m";201184.174682;4572.823243;24.880714;0.000000;0.000000;1.000001;-0.263196;
"hbarrier_6m";201081.369629;4530.277833;94.237267;0.000000;0.000000;1.000001;-0.262913;
"hbarrier_6m";201101.956420;4536.049805;51.308403;0.000000;0.000000;1.000000;-0.262261;
"hbarrier_6m";201080.979980;4535.797364;94.237267;0.000000;0.000000;1.000001;-0.263048;
"hbarrier_6m";201080.743530;4541.513185;94.237267;0.000000;0.000000;1.000001;-0.263209;
"hbarrier_6m";201098.594482;4540.688965;51.308403;0.000000;0.000000;1.000000;-0.262259;
"hbarrier_6m";201179.843505;4576.298829;58.269829;0.000000;0.000000;1.000001;-0.263250;
"hbarrier_6m";201081.579590;4524.889649;94.237267;0.000000;0.000000;1.000001;-0.262751;
"hbarrier_6m";204164.383790;5992.382813;162.084610;359.895325;3.197693;1.000001;-0.098665;
"hbarrier_6m";204156.818848;5982.799804;260.477264;0.000000;0.000000;1.000000;-0.262169;
"hbarrier_6m";204155.942871;5988.135253;260.477264;0.000000;0.000000;1.000000;-0.261865;
"hbarrier_6m";204157.803711;5977.052246;260.477264;0.000000;0.000000;1.000000;-0.262357;
"hbarrier_6m";204175.584961;5994.917969;168.689438;358.993225;6.161348;1.000000;-0.264243;
"hbarrier_6m";204159.170410;5991.005859;345.828186;359.494873;1.999391;1.000000;-0.262345;
"hbarrier_6m";204159.244629;5971.684570;254.289337;0.000000;0.000000;1.000000;-0.262424;
"hbarrier_6m";204176.085938;5966.246582;172.685822;359.705261;2.301548;1.000000;-0.262188;
"hbarrier_6m";204212.250000;5959.859375;348.655457;0.000000;0.000000;1.000000;-0.000370;
"hbarrier_6m";204189.578613;5952.258790;74.384247;0.000000;0.000000;1.000000;-0.000148;
"hbarrier_6m";204217.716796;5961.126953;346.721710;0.000000;0.000000;1.000000;-0.000552;
"hbarrier_6m";204181.881348;5967.086426;170.494247;359.651123;5.402834;1.000000;-0.261737;
"hbarrier_6m";204187.575195;5958.404786;75.415588;0.000000;0.000000;1.000001;0.000505;
"hbarrier_6m";204165.036133;5965.084473;176.295456;0.000000;1.156737;1.000000;-0.262144;
"hbarrier_6m";204170.517579;5965.591797;176.295456;0.000000;0.000000;1.000000;-0.262424;
"hbarrier_6m";204191.147949;5946.554200;76.704727;0.000000;0.000000;1.000000;-0.000022;
"hbarrier_6m";204160.769531;5966.624023;254.289337;0.000000;0.000000;1.000000;-0.262476;
"hbarrier_6m";204193.788086;5941.447265;228.119492;359.650574;5.402834;1.000001;-0.262082;
"mil_aircraftshelter";202646.577148;6153.264160;281.035858;0.000000;0.000000;1.000000;0.000000;
"mil_aircraftshelter";202640.488037;6114.994141;281.035858;0.000000;0.000000;1.000000;0.000000;
"mil_aircraftshelter";202717.725098;6086.468750;100.940842;0.000000;0.000000;1.000001;0.375454;
"mil_aircraftshelter";202726.416504;6126.414063;99.264938;0.000000;0.000000;1.000001;0.225403;
"mil_aircraftshelter";202711.325684;6034.030762;100.038437;0.000000;0.000000;1.000001;0.375378;
"mil_airfield_hq";202520.117677;6102.833983;50.534878;0.000000;0.000000;1.000001;-0.000027;
"mil_airfield_hq";208315.354492;7619.228515;89.080605;0.000000;0.000000;1.000002;-0.000032;
"mil_airfield_hq";208519.110352;7088.611328;47.569817;0.000000;0.000000;1.000003;-0.000036;
"mil_atc_big";203054.096922;5537.741211;46.796410;0.000000;0.000000;1.000003;0.074310;
"mil_atc_big";208484.525391;7351.399414;46.796410;0.000000;0.000000;1.000003;0.073986;
"mil_atc_small";204135.814942;7325.773926;87.017975;0.000000;0.000000;1.000001;-0.000107;
"mil_barracks_round";202867.799072;7455.903809;273.368774;0.000000;0.000000;1.000000;0.000000;
"mil_barracks_round";202868.503174;7466.695312;273.368774;0.000000;0.000000;1.000000;0.000000;
"mil_barracks_round";201317.194580;4571.539551;102.419838;0.000000;0.000000;1.000000;-0.000008;
"mil_barracks_round";202563.087646;5986.012207;0.000000;0.000000;0.000000;1.000000;0.000000;
"mil_barracks_round";202552.093750;5977.404297;0.000000;0.000000;0.000000;1.000000;0.000000;
"mil_barracks_round";202530.049561;5958.126464;0.000000;0.000000;0.000000;1.000000;0.000000;
"mil_barracks_round";202520.479442;5950.627924;0.000000;0.000000;0.000000;1.000000;0.000000;
"mil_barracks_round";202540.833984;5967.770996;0.000000;0.000000;0.000000;1.000000;0.000000;
"mil_barracks_round";202864.105713;5857.744140;0.000000;0.000000;0.000000;1.000000;-0.000008;
"mil_barracks_round";202894.692871;5833.758789;183.575668;0.000000;0.000000;1.000000;0.000031;
"mil_barracks_round";202870.216553;5833.848633;183.575668;0.000000;0.000000;1.000000;0.000023;
"mil_barracks_round";202858.969971;5834.285645;183.575668;0.000000;0.000000;1.000000;0.000023;
"mil_barracks_round";202884.479736;5857.701172;0.000000;0.000000;0.000000;1.000000;0.000004;
"mil_barracks_round";202882.418701;5833.610352;183.575668;0.000000;0.000000;1.000000;0.000023;
"mil_barracks_round";202873.512695;5857.660156;0.000000;0.000000;0.000000;1.000000;0.000000;
"mil_barracks_round";202896.239746;5857.548339;0.000000;0.000000;0.000000;1.000000;0.000008;
"mil_barracks_round";203472.020508;4536.051269;4.831528;1.029076;0.000000;1.000001;-0.069550;
"mil_barracks_round";203481.837402;4536.207031;4.831528;1.029076;0.000000;1.000001;-0.070164;
"mil_barracks_round";203443.813477;4539.837402;30.743542;1.029076;0.000000;1.000001;-0.069279;
"mil_barracks_round";208545.034180;7147.874512;337.629761;0.000000;0.000000;1.000002;0.000021;
"mil_barracks_round";208526.234375;7131.937500;332.859833;0.000000;0.000000;1.000004;0.000029;
"mil_barracks_round";208553.208008;7154.359375;339.176788;0.000000;0.000000;1.000004;0.000021;
"mil_barracks_round";208535.458008;7140.124023;333.246582;0.000000;0.000000;1.000004;0.000019;
"mil_barracks_round";208550.089844;7120.513672;116.281799;0.000000;0.000000;1.000002;0.000004;
"mil_barracks_round";208540.728516;7113.260254;112.801079;0.000000;0.000000;1.000002;0.000004;
"mil_barracks_round";208558.578125;7127.312012;113.445641;0.000000;0.000000;1.000002;0.000000;
"mil_barracks_round";208565.002889;7133.221161;114.734787;0.000000;0.000000;1.000002;-0.000010;
"mil_barracks1";204108.040039;7226.015625;265.631989;1.670935;0.000000;1.000001;0.063873;
"mil_barracks1";204093.605957;7224.000000;265.631989;1.670935;0.000000;1.000001;0.063904;
"mil_barracks1";204080.013184;7222.237305;265.631989;1.670935;0.000000;1.000001;0.063873;
"mil_barracks1";204051.003907;7319.027344;2.060791;1.670935;0.000000;1.000001;0.238632;
"mil_barracks2";202933.103516;7422.262207;287.945740;0.000000;0.000000;1.000001;0.000275;
"mil_barracks2";202946.001465;7419.008789;287.945740;0.000000;0.000000;1.000001;0.000275;
"mil_barracks2";202959.585694;7413.089844;287.945740;0.000000;0.000000;1.000001;0.000275;
"mil_barracks2";202921.669922;7427.273926;286.140961;0.000000;0.000000;1.000001;0.000168;
"mil_barracks2";201262.551392;4597.479003;35.203384;0.000000;0.000000;1.000003;0.040297;
"mil_barracks2";201266.985595;4574.458498;191.387970;0.000000;0.000000;1.000003;-0.000158;
"mil_barracks2";201292.474242;4573.016603;191.387970;0.000000;0.000000;1.000003;-0.000158;
"mil_barracks2";201322.061645;4589.851075;167.538544;0.000000;359.245667;1.000003;0.132480;
"mil_barracks2";203068.941895;5452.481937;228.000000;0.000000;0.000000;1.000001;0.000275;
"mil_barracks2";203086.903076;5432.342776;228.000000;0.000000;0.000000;1.000001;0.000168;
"mil_barracks2";203123.870606;5390.909183;228.000000;0.000000;0.000000;1.000001;0.000198;
"mil_barracks2";203104.751953;5412.505374;228.000000;0.000000;0.000000;1.000001;0.000214;
"mil_barracks2";203142.694092;5369.966312;228.000000;0.000000;0.000000;1.000001;0.000229;
"mil_barracks2";208514.023438;7320.688966;227.613297;0.000000;0.000000;1.000003;0.000689;
"mil_barracks2";208524.710938;7330.051759;227.613297;0.000000;0.000000;1.000003;0.000689;
"mil_barracks2";208462.713867;7322.542479;46.744812;0.000000;0.000000;1.000002;0.000690;
"mil_barracks2";208453.614258;7314.207518;46.744812;0.000000;0.000000;1.000002;0.000690;
"mil_barracks3";202923.130860;7533.009277;25.457529;0.000000;0.000000;1.000001;0.000053;
"mil_barracks3";203058.111573;5472.528320;317.132172;0.000000;0.000000;1.000001;0.000053;
"mil_barracks3";208504.169922;7303.240723;317.132172;0.000000;0.000000;1.000001;-0.000107;
"mil_barracks5";203076.416992;5510.243653;136.976181;0.000000;0.000000;1.000001;0.000206;
"mil_barracks5";203164.848878;5388.720215;317.586823;0.000000;0.000000;1.000002;0.000183;
"mil_barracks5";208480.383789;7278.356445;136.976181;0.000000;0.000000;1.000001;-0.001501;
"mil_barracks6";208256.083008;7541.603516;137.939590;0.000000;0.000000;1.000001;0.000038;
"mil_barracks6";202892.416748;7519.000488;294.253174;0.000000;0.000000;1.000001;0.000038;
"mil_barracks6";204053.346924;7223.297852;357.292816;0.000000;0.000000;1.000000;0.167496;
"mil_barracks6";204086.296875;7320.286133;357.292816;0.000000;0.000000;1.000000;0.167496;
"mil_barracks6";201293.640625;4594.966309;2.836142;0.000000;0.000000;1.000002;-0.000008;
"mil_barracks6";202537.652344;6078.120605;48.085484;0.000000;0.000000;1.000001;0.000038;
"mil_barracks6";202560.935791;6052.114258;48.085484;0.000000;0.000000;1.000001;0.000038;
"mil_barracks6";203109.285156;5485.628906;48.085484;0.000000;0.000000;1.000001;0.000038;
"mil_barracks6";203139.517578;5451.986816;48.085484;0.000000;0.000000;1.000001;0.000000;
"mil_barracks6";203168.176514;5420.272949;48.085484;0.000000;0.000000;1.000001;0.000000;
"mil_barracks6";208281.404297;7564.339355;137.939590;0.000000;0.000000;1.000001;0.000038;
"mil_barracks6";208252.054688;7677.610840;225.988907;0.000000;0.000000;1.000001;0.000038;
"mil_barracks6";208282.390625;7648.743164;48.085484;0.000000;0.000000;1.000001;0.000038;
"mil_barracks6";208445.303711;7283.161621;48.085484;0.000000;0.000000;1.000001;0.000036;
"mil_barracks6";208492.236328;7067.529785;315.327393;0.000000;0.000000;1.000002;0.000061;
"mil_camonet_tent2";201105.691162;4575.775879;5.027690;0.000000;0.000000;1.000000;-0.000190;
"mil_camonet_tent2";201103.775513;4557.291992;5.027690;0.000000;0.000000;1.000000;-0.000190;
"mil_camonet_tent2";204170.148694;5979.450147;339.502411;0.000000;0.000000;1.000000;-0.000194;
"mil_guardhouse1";201899.601807;6847.721680;318.102539;0.000000;0.000000;1.000001;0.153610;
"mil_guardhouse1";204150.446289;7270.661133;269.304474;0.000000;0.000000;1.000000;-0.000015;
"mil_guardhouse1";201363.150147;6000.798829;357.163849;0.000000;0.000000;1.000000;0.153650;
"mil_guardhouse2";202870.531494;7497.683594;295.861084;0.000000;0.000000;1.000000;0.000000;
"mil_guardhouse2";202945.892578;7506.131836;283.871948;0.000000;0.000000;1.000000;0.000000;
"mil_guardhouse2";201178.401123;4591.802734;272.140686;0.000000;0.000000;1.000000;0.000330;
"mil_guardhouse2";202481.096923;6119.661132;232.563614;0.000000;0.000000;1.000000;-0.000004;
"mil_guardhouse2";202508.233887;5986.947753;138.068512;0.000000;0.000000;1.000000;0.000000;
"mil_guardhouse2";202754.364502;5578.391601;183.704605;0.000000;0.000000;1.000000;0.000137;
"mil_guardhouse2";203179.016847;5480.258790;43.057796;0.000000;0.000000;1.000000;0.000031;
"mil_guardhouse2";208239.885742;7571.837768;138.068512;0.000000;0.000000;1.000000;0.000000;
"mil_tent_big2_2";204203.603027;5990.721192;5.000000;359.613861;0.000000;1.000000;0.333206;
"mil_tent_big2_2";204205.265625;5981.295410;5.000000;359.613861;0.000000;1.000000;0.333206;
"mil_tower_small";202974.776611;7656.262696;77.091469;0.000000;0.000000;0.999999;0.000000;
"mil_tower_small";202936.520996;7660.220215;300.569946;0.000000;0.000000;1.000000;0.000000;
"mil_tower_small";203044.180420;7426.291016;99.909592;0.000000;0.000000;1.000000;0.000000;
"mil_tower_small";203018.289063;7413.202637;164.496185;0.000000;0.000000;1.000000;0.000000;
"mil_tower_small";202968.671875;7397.263672;197.179718;0.000000;0.000000;1.000000;0.000000;
"mil_tower_small";203009.872315;7386.341308;173.004623;0.000000;0.000000;1.000000;0.000000;
"mil_tower_small";202916.220703;7597.677246;284.455505;0.000000;0.000000;1.000000;0.000000;
"mil_tower_small";202905.307861;7565.175293;280.330231;0.000000;0.000000;1.000000;0.000000;
"mil_tower_small";202879.852051;7508.658691;267.696503;0.000000;0.000000;1.000000;0.000000;
"mil_tower_small";202961.341309;7556.508789;77.091469;0.000000;0.000000;1.000000;0.000000;
"mil_tower_small";202995.271484;7539.468262;19.981903;0.000000;0.000000;1.000000;0.000000;
"mil_tower_small";202962.622314;7536.174805;346.334961;0.000000;0.000000;1.000000;0.000000;
"mil_tower_small";203045.229492;7516.566406;44.475861;0.000000;0.000000;1.000000;0.000000;
"mil_tower_small";203034.627685;7514.664551;58.011990;0.000000;0.000000;1.000000;0.000000;
"mil_tower_small";204029.595703;7211.219727;223.349579;0.000000;0.000000;1.000001;0.225235;
"mil_tower_small";204024.977783;7345.018555;319.846283;0.000000;0.000000;1.000001;0.225098;
"mil_tower_small";203070.546875;7460.457031;69.227631;0.000000;0.000000;0.999999;0.000000;
"mil_tower_small";202960.581055;7445.215820;239.592926;0.000000;0.000000;1.000000;0.000000;
"mil_tower_small";202868.612793;7482.189941;265.762756;0.000000;0.000000;1.000000;0.000000;
"mil_tower_small";202863.744141;7441.835449;265.762756;0.000000;0.000000;1.000000;0.000000;
"mil_tower_small";202911.531250;7418.390136;197.179718;0.000000;0.000000;1.000000;0.000000;
"mil_tower_small";202620.296874;6226.990721;265.762756;0.000000;0.000000;1.000000;0.000000;
"mil_tower_small";202746.336424;6247.439942;4.254181;0.000000;0.000000;1.000000;-0.000019;
"mil_tower_small";202685.905761;6276.907225;265.762756;0.000000;0.000000;1.000000;0.000008;
"mil_tower_small";202798.078124;6202.078126;4.254181;0.000000;0.000000;1.000000;-0.000019;
"mil_tower_small";204150.883301;7344.262696;51.634140;0.000000;0.000000;1.000001;0.225128;
"mil_tower_small";204149.770508;7212.497070;148.707535;0.000000;0.000000;1.000001;0.225113;
"mil_tower_small";202499.658447;6104.256346;265.762756;0.000000;0.000000;1.000000;0.000000;
"mil_tower_small";202501.106934;5975.824217;265.762756;0.000000;0.000000;1.000000;0.000000;
"mil_tower_small";202575.499999;6189.619139;265.762756;0.000000;0.000000;1.000000;0.000000;
"mil_tower_small";202519.296874;6145.961913;265.762756;0.000000;0.000000;1.000000;0.000000;
"mil_tower_small";202562.312499;6032.707030;265.762756;0.000000;0.000000;1.000000;0.000000;
"mil_tower_small";202530.842040;6069.373045;265.762756;0.000000;0.000000;1.000000;0.000000;
"mil_tower_small";202530.953124;6003.583495;265.762756;0.000000;0.000000;1.000000;0.000000;
"mil_tower_small";202446.531249;5928.820310;265.762756;0.000000;0.000000;1.000000;0.000000;
"mil_tower_small";202472.540282;5949.662107;265.762756;0.000000;0.000000;1.000000;0.000000;
"mil_tower_small";202418.515624;5904.405271;265.762756;0.000000;0.000000;1.000000;0.000000;
"mil_tower_small";202400.906249;5887.911618;265.762756;0.000000;0.000000;1.000000;0.000000;
"mil_tower_small";202401.272460;5842.182126;265.762756;0.000000;0.000000;0.999999;0.000359;
"mil_tower_small";202432.609374;5793.839353;265.762756;0.000000;0.000000;0.999999;0.000359;
"mil_tower_small";202474.656249;5735.607907;265.762756;0.000000;0.000000;0.999999;0.000359;
"mil_tower_small";202508.749999;5686.064939;265.762756;0.000000;0.000000;0.999999;0.000359;
"mil_tower_small";202542.015624;5637.854978;265.762756;0.000000;0.000000;0.999999;0.000359;
"mil_tower_small";202588.499999;5593.058103;265.762756;0.000000;0.000000;0.999999;0.000359;
"mil_tower_small";202660.765624;5523.825681;265.762756;0.000000;0.000000;0.999999;0.000359;
"mil_tower_small";202823.015624;5514.075682;265.762756;0.000000;0.000000;0.999999;-0.187149;
"mil_tower_small";202755.390624;5461.792478;265.762756;0.000000;0.000000;0.999999;0.000359;
"mil_tower_small";202853.343749;6151.475098;4.254181;0.000000;0.000000;1.000000;-0.000019;
"mil_tower_small";202908.890624;6097.756348;4.254181;0.000000;0.000000;1.000000;-0.000019;
"mil_tower_small";202954.624999;6046.197266;4.254181;0.000000;0.000000;1.000000;-0.000019;
"mil_tower_small";202912.656249;5575.897948;265.762756;0.000000;0.000000;0.999999;0.262848;
"mil_tower_small";202847.076172;5829.490233;265.762756;0.000000;0.000000;0.999999;0.000370;
"mil_tower_small";202922.450439;5860.077151;44.543732;0.000000;0.000000;0.999999;0.000389;
"mil_tower_small";203153.651366;5778.951661;0.000000;0.000000;0.000000;1.000000;0.262466;
"mil_tower_small";203082.141357;5699.208986;107.515533;0.000000;0.000000;1.000000;0.974854;
"mil_tower_small";203030.408691;5647.336915;107.515533;0.000000;0.000000;1.000000;0.712456;
"mil_tower_small";203158.218750;5497.332033;107.515533;0.000000;0.000000;1.000000;0.712456;
"mil_tower_small";203088.765625;5371.526367;195.307007;0.000000;0.000000;1.000000;0.712425;
"mil_tower_small";203154.666994;5319.160156;181.641998;0.000000;0.000000;1.000000;0.712509;
"mil_tower_small";203222.859375;5428.416994;107.515533;0.000000;0.000000;1.000000;0.712456;
"mil_tower_small";203201.062500;5353.297853;107.515533;0.000000;0.000000;1.000000;0.712456;
"mil_tower_small";203392.638427;4555.849121;303.853882;0.000000;0.000000;1.000001;0.224880;
"mil_tower_small";203394.575684;4477.711426;199.819061;0.000000;0.000000;1.000000;0.562279;
"mil_tower_small";203491.383301;4565.382324;37.772247;0.000000;0.000000;1.000000;0.449821;
"mil_tower_small";208262.604980;7588.473510;265.762756;0.000000;0.000000;1.000000;0.000000;
"mil_tower_small";208293.964355;7617.597045;265.762756;0.000000;0.000000;1.000000;0.000000;
"mil_tower_small";208232.319336;7560.591796;265.762756;0.000000;0.000000;1.000000;0.000000;
"mil_tower_small";208250.948730;7730.851928;265.762756;0.000000;0.000000;1.000000;0.000000;
"mil_tower_small";208509.937500;7771.642090;24.364994;0.000000;0.000000;1.000000;0.000022;
"mil_tower_small";208231.310302;7689.146362;265.762756;0.000000;0.000000;1.000000;0.000000;
"mil_tower_small";208262.493896;7654.263061;265.762756;0.000000;0.000000;1.000000;0.000000;
"mil_tower_small";208178.183105;7513.710326;265.762756;0.000000;0.000000;1.000000;0.000000;
"mil_tower_small";208204.192138;7534.552123;265.762756;0.000000;0.000000;1.000000;0.000000;
"mil_tower_small";208544.193359;7660.621583;24.364994;0.000000;0.000000;1.000000;-0.000029;
"mil_tower_small";208599.829101;7543.788086;24.364994;0.000000;0.000000;1.000000;-0.000027;
"mil_tower_small";208132.558105;7472.801634;265.762756;0.000000;0.000000;1.000000;0.000000;
"mil_tower_small";208150.167480;7489.295287;265.762756;0.000000;0.000000;1.000000;0.000000;
"mil_tower_small";208132.924316;7427.072142;265.762756;0.000000;0.000000;0.999999;0.000359;
"mil_tower_small";208164.261230;7378.729369;265.762756;0.000000;0.000000;0.999999;0.000359;
"mil_tower_small";208206.308105;7320.497923;265.762756;0.000000;0.000000;0.999999;0.000359;
"mil_tower_small";208626.151367;7479.917482;21.657768;0.000000;0.000000;1.000001;-0.000034;
"mil_tower_small";208657.168945;7409.017090;22.173428;0.000000;0.000000;1.000001;-0.000034;
"mil_tower_small";208697.951172;7316.308106;22.173428;0.000000;0.000000;1.000001;-0.000034;
"mil_tower_small";208240.401855;7270.954955;265.762756;0.000000;0.000000;0.999999;0.000359;
"mil_tower_small";208273.667480;7222.744994;265.762756;0.000000;0.000000;0.999999;0.000359;
"mil_tower_small";208320.151855;7177.948119;265.762756;0.000000;0.000000;0.999999;0.000359;
"mil_tower_small";208392.417480;7108.715697;265.762756;0.000000;0.000000;0.999999;0.000359;
"mil_tower_small";208554.667480;7098.965698;265.762756;0.000000;0.000000;0.999999;-0.187149;
"mil_tower_small";208644.308105;7160.787963;265.762756;0.000000;0.000000;0.999999;0.262848;
"mil_tower_small";208731.756835;7235.016113;22.173428;0.000000;0.000000;1.000001;-0.000034;
"mil_tower_small";208487.042480;7046.682494;265.762756;0.000000;0.000000;0.999999;0.000359;
"misc_antenna";204150.001953;7271.652832;85.342079;0.000000;0.000000;1.000000;4.329147;
"misc_barbedwire";201159.838866;4545.618163;174.680496;0.000000;0.000000;1.000001;-0.001755;
"misc_barbedwire";201166.020629;4545.992186;174.680496;0.000000;0.000000;1.000001;-0.000462;
"misc_barbedwire";201145.916137;4543.387694;160.886536;0.000000;0.000000;1.000001;-0.004074;
"misc_barbedwire";201152.258544;4545.101073;174.680496;0.000000;0.000000;1.000001;-0.003004;
"misc_barbedwire";201099.775147;4523.966307;127.755043;0.000000;0.000000;1.000002;-0.004044;
"misc_barbedwire";201104.493775;4531.091307;127.755043;0.000000;0.000000;1.000002;-0.004044;
"misc_barbedwire";201106.659911;4533.020018;184.864624;0.000000;0.000000;1.000001;-0.004044;
"misc_barbedwire";201112.788451;4532.439452;180.610413;0.000000;0.000000;1.000001;-0.004044;
"misc_barbedwire";201140.054687;4540.096678;153.409424;0.000000;0.000000;1.000001;-0.003962;
"misc_barbedwire";201122.648558;4532.415038;180.610413;0.000000;0.000000;1.000001;-0.004044;
"misc_barbedwire";201127.858764;4533.288084;153.409424;0.000000;0.000000;1.000001;-0.004043;
"misc_barbedwire";201133.732299;4536.738280;153.409424;0.000000;0.000000;1.000001;-0.004043;
"misc_barbedwire";204205.483398;6003.967772;163.464828;0.000000;0.000000;1.000001;-0.004515;
"misc_barbedwire";204214.687499;5990.835938;249.064606;0.000000;0.000000;1.000001;-0.004905;
"misc_barbedwire";204220.933593;5972.551758;254.221436;0.000000;0.000000;1.000002;-0.005060;
"misc_barbedwire";204199.097168;6001.844238;164.496185;0.000000;0.000000;1.000001;-0.004154;
"misc_barbedwire";204219.530761;5978.427735;253.189880;0.000000;0.000000;1.000002;-0.004251;
"misc_barbedwire";204179.099121;5991.530762;215.288940;0.000000;0.000000;1.000001;-0.004873;
"misc_barbedwire";204210.173339;6002.618653;248.677979;0.000000;0.000000;1.000001;-0.004391;
"misc_barbedwire";204216.966308;5984.919922;247.130890;0.000000;0.000000;1.000002;-0.004515;
"misc_barbedwire";204212.329591;5996.421386;71.934814;0.000000;0.000000;1.000001;-0.004242;
"misc_barbedwire";204220.979004;5940.218750;13.855011;0.000000;0.000000;1.000002;-0.005003;
"misc_barbedwire";204184.098632;5963.738281;224.699768;0.000000;0.000000;1.000002;-0.004620;
"misc_barbedwire";204210.078125;5940.863282;357.998444;0.000000;0.000000;1.000002;-0.004541;
"misc_barbedwire";204215.068848;5940.933106;357.998444;0.000000;0.000000;1.000002;-0.004515;
"misc_barbedwire";204226.765625;5941.177247;328.347839;0.000000;0.000000;1.000002;-0.005142;
"misc_barbedwire";204222.487792;5959.583496;250.096161;0.000000;0.000000;1.000002;-0.005000;
"misc_barbedwire";204225.693359;5953.910156;233.852814;0.000000;0.000000;1.000002;-0.004587;
"misc_barbedwire";204228.922363;5949.719238;233.852814;0.000000;0.000000;1.000002;-0.004560;
"misc_barbedwire";204229.971679;5944.859375;274.976837;0.000000;0.000000;1.000002;-0.004892;
"misc_concreteblock2_stripes";201092.757324;4620.430176;0.000000;0.000000;358.454010;1.000000;-0.057618;
"misc_concreteblock2_stripes";201095.301635;4620.384278;0.000000;0.000000;357.035278;1.000000;-0.038511;
"misc_concreteblock2_stripes";201098.667968;4610.273926;1.804719;0.000000;358.969971;1.000000;-0.038167;
"misc_concreteblock2_stripes";201096.120361;4610.342286;0.000000;0.000000;0.000000;1.000000;0.000355;
"misc_concreteblock2_stripes";201101.335815;4610.159180;0.000000;0.000000;359.749756;1.000000;-0.032013;
"misc_concreteblock2_stripes";201090.164550;4620.437501;0.000000;0.000000;0.000000;1.000000;-0.000159;
"misc_concreteblock2_stripes";201087.586181;4620.289063;0.000000;0.000000;0.000000;1.000000;0.000125;
"misc_concreteblock2_stripes";201091.968383;4531.099610;0.000000;0.000000;0.000000;1.000000;0.000453;
"misc_concreteblock2_stripes";201083.475951;4522.138184;0.000000;359.355927;358.195923;1.000001;-0.031609;
"misc_concreteblock2_stripes";201086.030395;4522.029298;0.000000;0.000000;358.195709;1.000000;-0.064443;
"misc_concreteblock2_stripes";201089.397338;4531.137696;0.000000;0.000000;0.000000;1.000000;0.000627;
"misc_concreteblock2_stripes";204198.289062;5939.682129;345.303650;0.000000;0.000000;1.000000;0.000627;
"misc_concreteblock2_stripes";204199.717773;5951.832031;345.303650;0.000000;0.000000;1.000000;0.000609;
"misc_concreteblock2_stripes";204200.619140;5940.249512;347.495239;0.000000;0.000000;1.000000;0.000574;
"misc_concreteblock2_stripes";204202.047851;5952.399903;347.495239;0.000000;0.000000;1.000000;0.000451;
"misc_dragonteeth";202533.851807;6119.698242;144.514297;0.000000;0.000000;1.000003;0.000000;
"misc_flagpole";204146.759278;7226.094238;0.000000;0.000000;0.000000;1.000000;-0.000137;
"misc_flagpole";201108.181763;4609.569336;0.000000;0.000000;0.000000;1.000000;-0.000530;
"roadblock_cncblock";201142.564331;4606.155273;272.140686;0.000000;356.001038;0.999999;-0.217931;
"roadblock_cncblock";204120.398438;5346.257324;351.185486;4.204213;1.413470;1.000001;0.001985;
"roadblock_cncblock";204121.864258;5336.185059;351.185486;4.204213;1.413470;1.000001;0.000068;
"roadblock_cncblock";204113.936524;5347.198242;80.959015;0.000000;0.000000;1.000000;-0.000264;
"roadblock_cncblock";204122.707031;5331.136231;351.233826;0.000000;0.000000;1.000000;-0.000019;
"roadblock_cncblock";204116.573731;5347.627930;80.959015;0.000000;0.000000;1.000000;-0.000436;
"roadblock_cncblock";204108.634766;5346.386230;80.959015;0.000000;0.000000;1.000000;-0.001438;
"roadblock_cncblock";204098.880859;5343.753906;351.185486;4.204213;1.413470;1.000001;0.001840;
"roadblock_cncblock";204103.118653;5345.346680;82.119255;0.000000;0.000000;1.000000;-0.001999;
"roadblock_cncblock";204122.287109;5333.688965;351.229553;1.783667;0.273398;1.000000;-0.000029;
"roadblock_cncblock";204099.574707;5338.785645;351.185486;4.204213;1.413470;1.000001;0.000383;
"roadblock_cncblock";204119.244141;5348.048828;80.959015;0.000000;0.000000;1.000000;-0.000159;
"roadblock_cncblock";204105.870606;5345.872559;80.959015;0.000000;0.000000;1.000000;-0.001451;
"roadblock_cncblock";204121.092773;5341.288574;351.185486;4.204213;1.413470;1.000001;0.000311;
"roadblock_cncblock";204120.743164;5343.783692;351.185486;4.204213;1.413470;1.000001;0.001256;
"roadblock_cncblock";204100.769531;5331.186035;351.229553;1.783667;0.273398;1.000000;-0.000008;
"roadblock_cncblock";204111.332520;5346.804688;80.959015;0.000000;0.000000;1.000000;-0.000823;
"roadblock_cncblock";204099.967285;5336.295410;351.185486;4.204213;1.413470;1.000001;0.000125;
"roadblock_cncblock";204100.437012;5344.884277;82.892746;0.000000;0.000000;1.000000;-0.002853;
"roadblock_cncblock";204121.485352;5338.798340;351.185486;4.204213;1.413470;1.000001;0.000090;
"roadblock_cncblock";204100.346680;5333.682129;351.185486;4.204213;1.413470;1.000001;0.000006;
"roadblock_cncblock";204099.225098;5341.280274;351.185486;4.204213;1.413470;1.000001;0.001088;
"roadblock_cncblock";204101.188965;5328.633301;351.233795;0.000000;0.000000;1.000000;0.000000;
"roadblock_cncblock";203832.488037;5192.475586;323.062469;0.000000;355.999481;1.000001;-0.219357;
"roadblock_cncblock";203839.787598;5182.356934;323.062286;0.000000;355.999084;1.000001;-0.218014;
"roadblock_cncblock";203829.536621;5196.521973;323.062469;0.000000;355.999695;1.000001;-0.219940;
"roadblock_cncblock";203836.865967;5186.403320;323.062286;0.000000;355.999390;1.000001;-0.218364;
"roadblock_cncblock";203821.273682;5200.791016;54.076698;0.000000;356.000458;1.000000;-0.221876;
"roadblock_cncblock";203831.023682;5194.493653;323.062286;0.000000;355.999725;1.000001;-0.220653;
"roadblock_cncblock";203835.335449;5188.500488;323.062286;0.000000;355.999542;1.000001;-0.218936;
"roadblock_cncblock";203833.883301;5190.512207;323.062469;0.000000;355.999298;1.000001;-0.219709;
"roadblock_cncblock";203815.229981;5196.476074;54.076687;0.000000;356.000122;1.000000;-0.219055;
"roadblock_cncblock";203826.608398;5200.462403;323.062469;0.000000;355.999817;1.000001;-0.220169;
"roadblock_cncblock";203801.716553;5155.348144;141.223587;0.000000;355.999878;1.000000;-0.219821;
"roadblock_cncblock";203794.718750;5182.129883;54.076679;0.000000;355.999725;1.000000;-0.220196;
"roadblock_cncblock";203800.926026;5186.527832;54.076675;0.000000;356.000214;1.000000;-0.219896;
"roadblock_cncblock";203790.708252;5179.229981;54.076675;0.000000;356.000214;1.000000;-0.218684;
"roadblock_cncblock";203804.961182;5189.346192;54.076679;0.000000;355.999725;1.000000;-0.217464;
"roadblock_cncblock";203796.777344;5183.518555;54.076675;0.000000;356.000214;1.000000;-0.220094;
"roadblock_cncblock";203802.940430;5187.929199;54.076675;0.000000;355.999695;1.000000;-0.219154;
"roadblock_cncblock";203792.731446;5180.694824;54.076675;0.000000;355.999695;1.000000;-0.218963;
"roadblock_cncblock";203798.623291;5159.242676;141.223572;0.000000;355.999634;1.000001;-0.219565;
"roadblock_cncblock";203803.227539;5153.424316;141.223587;0.000000;355.999878;1.000000;-0.221574;
"roadblock_cncblock";203811.198975;5193.689453;54.076675;0.000000;356.000214;1.000000;-0.219708;
"roadblock_cncblock";203794.122070;5165.096680;141.223557;0.000000;355.999481;1.000001;-0.219201;
"roadblock_cncblock";203798.855469;5185.074707;54.076675;0.000000;356.000214;1.000000;-0.220094;
"roadblock_cncblock";203804.848633;5151.350097;141.223572;0.000000;355.999969;1.000000;-0.219986;
"roadblock_cncblock";203786.496582;5176.393067;54.076675;0.000000;355.999878;1.000000;-0.217741;
"roadblock_cncblock";203788.018067;5172.960449;141.223557;0.000000;355.998993;1.000001;-0.219067;
"roadblock_cncblock";203792.526123;5167.149902;141.223557;0.000000;355.999390;1.000001;-0.218678;
"roadblock_cncblock";203788.626709;5177.888672;54.076675;0.000000;356.000214;1.000000;-0.219646;
"roadblock_cncblock";203813.184326;5195.046875;54.076679;0.000000;355.999969;1.000000;-0.219177;
"roadblock_cncblock";203786.622314;5174.799317;322.288940;0.000000;355.999542;1.000001;-0.219021;
"roadblock_cncblock";203795.634277;5163.136230;141.223557;0.000000;355.999481;1.000001;-0.219917;
"roadblock_cncblock";203797.090088;5161.217773;141.223557;0.000000;355.999390;1.000001;-0.219358;
"roadblock_cncblock";203800.173096;5157.269531;141.223572;0.000000;355.999725;1.000001;-0.220363;
"roadblock_cncblock";203789.471680;5171.096191;141.223557;0.000000;355.998993;1.000001;-0.218569;
"roadblock_cncblock";203790.981934;5169.150879;141.223557;0.000000;355.998993;1.000001;-0.218699;
"roadblock_cncblock";203823.317627;5202.227051;54.076694;0.000000;356.000610;1.000000;-0.219671;
"roadblock_cncblock";203825.130127;5202.478028;323.062469;0.000000;355.999969;1.000000;-0.219826;
"roadblock_cncblock";203828.058838;5198.487305;323.062469;0.000000;355.999969;1.000000;-0.221530;
"roadblock_cncblock";203819.278076;5199.372070;54.076698;0.000000;356.000275;1.000000;-0.220217;
"roadblock_cncblock";203841.270996;5180.329102;323.062286;0.000000;355.999084;1.000001;-0.218119;
"roadblock_cncblock";203838.338623;5184.356445;323.062286;0.000000;355.999390;1.000001;-0.219892;
"roadblock_cncblock";203817.281738;5197.934082;54.076683;0.000000;356.000275;1.000000;-0.221287;
"roadblock_cncblock";201039.509522;4334.687500;3.155060;0.000000;356.000793;0.999999;-0.218308;
"roadblock_cncblock";201052.936401;4373.113281;272.140686;0.000000;356.001587;0.999998;-0.219750;
"roadblock_cncblock";201062.901245;4372.543945;272.140686;0.000000;356.001343;0.999998;-0.218824;
"roadblock_cncblock";201049.895874;4325.987305;90.301941;0.000000;356.000793;0.999999;-0.218309;
"roadblock_cncblock";201039.373169;4332.193360;3.155060;0.000000;356.001160;0.999999;-0.219270;
"roadblock_cncblock";201070.393310;4372.136719;272.140686;0.000000;356.001190;0.999999;-0.217859;
"roadblock_cncblock";201064.851197;4325.683105;90.301949;0.000000;356.001404;0.999999;-0.219531;
"roadblock_cncblock";201050.424927;4373.234375;272.140686;0.000000;356.001648;0.999998;-0.219653;
"roadblock_cncblock";201041.064331;4357.213379;3.155060;0.000000;356.001160;0.999999;-0.219866;
"roadblock_cncblock";201039.099976;4329.731446;3.155060;0.000000;356.001160;0.999999;-0.219689;
"roadblock_cncblock";201042.544678;4326.149902;90.301941;0.000000;356.000610;0.999999;-0.218647;
"roadblock_cncblock";201042.073364;4372.002930;3.155060;0.000000;356.001740;0.999998;-0.219779;
"roadblock_cncblock";201065.419800;4372.397461;272.140686;0.000000;356.001282;0.999999;-0.218531;
"roadblock_cncblock";201044.906861;4326.105469;90.301941;0.000000;356.000610;0.999999;-0.218426;
"roadblock_cncblock";201041.744873;4367.068360;3.155060;0.000000;356.001495;0.999998;-0.219548;
"roadblock_cncblock";201067.883423;4372.263672;272.140686;0.000000;356.001251;0.999999;-0.218403;
"roadblock_cncblock";201054.973511;4325.871094;90.301941;0.000000;356.000946;0.999999;-0.219504;
"roadblock_cncblock";201039.648682;4337.133789;3.155060;0.000000;356.000854;0.999999;-0.219056;
"roadblock_cncblock";201040.329590;4347.171387;3.155060;0.000000;356.000793;0.999999;-0.218516;
"roadblock_cncblock";201038.916626;4327.136719;3.155060;0.000000;356.001038;0.999999;-0.217301;
"roadblock_cncblock";201045.520630;4373.444336;272.140686;0.000000;356.001923;0.999998;-0.220814;
"roadblock_cncblock";201041.261475;4359.611817;3.155060;0.000000;356.001251;0.999999;-0.218639;
"roadblock_cncblock";201047.373535;4326.050293;90.301941;0.000000;356.000610;0.999999;-0.218900;
"roadblock_cncblock";201041.905884;4369.510254;3.155060;0.000000;356.001587;0.999998;-0.222226;
"roadblock_cncblock";201041.443604;4362.100586;3.155060;0.000000;356.001282;0.999999;-0.219914;
"roadblock_cncblock";201043.025757;4373.567871;272.140686;0.000000;356.002045;0.999998;-0.220469;
"roadblock_cncblock";201055.428467;4372.975586;272.140686;0.000000;356.001526;0.999998;-0.219606;
"roadblock_cncblock";201059.876099;4325.737305;90.301949;0.000000;356.001038;0.999999;-0.220002;
"roadblock_cncblock";201069.929199;4325.593262;90.301941;0.000000;356.001495;0.999998;-0.219781;
"roadblock_cncblock";201039.965454;4342.254395;3.155060;0.000000;356.001160;0.999999;-0.219065;
"roadblock_cncblock";201040.239624;4326.224121;271.367279;0.000000;356.000793;0.999999;-0.219755;
"roadblock_cncblock";201067.296631;4325.644043;90.301941;0.000000;356.001404;0.999999;-0.222070;
"roadblock_cncblock";201060.305786;4372.681641;272.140686;0.000000;356.001434;0.999998;-0.219218;
"roadblock_cncblock";201057.378907;4325.793457;90.301949;0.000000;356.001007;0.999999;-0.218765;
"roadblock_cncblock";201057.830200;4372.820801;272.140686;0.000000;356.001495;0.999998;-0.219083;
"roadblock_cncblock";201041.608765;4364.609864;3.155060;0.000000;356.001404;0.999999;-0.220758;
"roadblock_cncblock";201040.506348;4349.632324;3.155060;0.000000;356.000854;0.999999;-0.218592;
"roadblock_cncblock";201052.496949;4325.932129;90.301941;0.000000;356.000946;0.999999;-0.219283;
"roadblock_cncblock";201040.148804;4344.725098;3.155060;0.000000;356.001160;0.999999;-0.219874;
"roadblock_cncblock";201062.389160;4325.695312;90.301949;0.000000;356.001160;0.999999;-0.220670;
"roadblock_cncblock";201039.840088;4339.649414;3.155060;0.000000;356.001038;0.999999;-0.217145;
"roadblock_cncblock";201047.965820;4373.327148;272.140686;0.000000;356.001740;0.999998;-0.219892;
"roadblock_cncblocks_long";201138.036499;4606.587893;276.652710;0.000000;0.000000;1.000001;-0.002442;
"roadblock_cncblocks_long";201185.065917;4598.104006;269.046692;0.000000;0.000000;1.000001;-0.001966;
"roadblock_cncblocks_long";204184.115234;5989.642579;254.491333;359.379456;2.234846;1.000001;-0.001783;
"roadblock_cncblocks_long";204186.038574;6003.554200;254.638596;359.030640;2.668071;1.000001;-0.059644;
"roadblock_cncblocks_long";204190.913086;6003.177735;296.665070;359.030457;2.668071;1.000001;-0.059657;
"roadblock_pillbox";201104.676514;4608.228517;276.720612;0.000000;0.000000;1.000001;-0.048083;
"roadblock_pillbox";201088.501709;4617.725587;274.529053;0.000000;0.000000;1.000001;-0.115574;
"roadblock_pillbox";201095.616089;4523.177245;97.460144;0.000000;0.000000;1.000001;-0.093142;
"roadblock_pillbox";204169.993164;5995.764649;262.837463;359.005737;2.814178;1.000001;-0.115024;
"tent_boxwooden";201106.578124;4575.442871;9.152981;0.000000;0.000000;1.000000;0.000188;
"tent_boxwooden";201106.331420;4576.633789;9.152981;0.000000;0.000000;1.000000;0.000188;
"tent_boxwooden";201104.821654;4554.750000;9.152981;0.000000;0.000000;1.000000;-0.000066;
"tent_boxwooden";201106.161010;4574.253906;9.152981;0.000000;0.000000;1.000000;0.000175;
"tent_boxwooden";201104.992064;4557.129883;9.152981;0.000000;0.000000;1.000000;-0.000051;
"tent_boxwooden";201105.238768;4555.938965;9.152981;0.000000;0.000000;1.000000;-0.000051;
"tent_boxwooden";204172.053710;5978.859375;343.629639;359.745880;0.865698;1.000000;0.000967;
"tent_boxwooden";204171.317871;5979.828125;343.663025;358.910706;3.710879;1.000000;-0.000327;
"tent_boxwooden";204172.189941;5977.607910;343.654205;359.056030;3.216133;1.000000;-0.000509;
"tent_ltable";202154.259277;7502.874023;103.261337;0.000000;0.000000;1.000000;0.000287;
"tent_ltable";202121.474609;7482.868164;145.545624;0.000000;0.000000;1.000000;0.000183;
"tent_ltable";202124.031250;7475.626464;103.261337;0.000000;0.000000;1.000000;0.000287;
"tent_ltable";205365.271973;8193.446288;83.537262;0.000000;0.000000;1.000000;0.000291;
"tent_ltable";205376.590821;8187.143554;83.537262;0.000000;0.000000;1.000000;0.000290;
"tent_ltable";205368.433594;8183.610839;83.537262;0.000000;0.000000;1.000000;0.000290;
"tent_ltable";205373.691406;8196.920897;83.537262;0.000000;0.000000;1.000000;0.000290;
"tent_ltable";205432.644532;8162.996094;16.501198;0.000000;0.000000;1.000000;0.000291;
"tent_ltable";205435.648437;8153.835448;106.742065;0.000000;0.000000;1.000000;0.000291;
"tent_ltable";208826.409180;6631.975097;106.742065;0.000000;0.000000;1.000000;0.000187;
"tent_ltable";208673.078125;6487.557128;106.742065;0.000000;0.000000;1.000000;0.000187;
"tent_ltable";208804.562500;6296.284179;106.742065;0.000000;0.000000;1.000000;0.000291;
"tent_ltable";201336.468750;6036.876464;103.261337;0.000000;0.000000;1.000000;-0.000038;
"tent_ltable";201497.343750;5961.190917;106.742065;0.000000;0.000000;1.000000;0.000179;
"tent_ltable";201106.893190;4581.163574;9.152981;0.000000;0.000000;1.000000;-0.000384;
"tent_ltable";201105.553836;4561.660156;9.152981;0.000000;0.000000;1.000000;-0.000005;
"tent_ltable";201108.739382;4559.967773;9.152981;0.000000;0.000000;1.000000;-0.000002;
"tent_ltable";201110.078737;4579.471191;9.152981;0.000000;0.000000;1.000000;-0.000200;
"tent_ltable";201100.156252;4495.986328;9.152981;0.000000;0.000000;1.000000;-0.000002;
"tent_ltable";202784.881347;5601.463378;106.742065;0.000000;0.000000;1.000000;0.000183;
"tent_ltable";202339.530029;4682.858886;106.742065;0.000000;0.000000;1.000000;0.000179;
"tent_ltable";204108.687500;5307.466796;106.742065;0.000000;0.000000;1.000000;0.000187;
"tent_ltable";204118.015625;5273.034179;106.742065;0.000000;0.000000;1.000000;0.000187;
"tent_ltable";201808.078125;4145.874022;103.261337;0.000000;0.000000;1.000000;-0.000038;
"tent_ltable";201770.733765;3756.789062;103.261337;0.000000;0.000000;1.000000;-0.000038;
"tent_ltable";201902.028932;3625.950684;0.000000;0.000000;0.000000;1.000000;-0.000015;
"tent_ltable";201895.785646;3619.905518;0.000000;0.000000;0.000000;1.000000;0.000061;
"tent_ltable";201898.972291;3622.478516;0.000000;0.000000;0.000000;1.000000;0.000027;
"tent_ltable";204169.873048;5984.159180;343.636536;359.455353;1.854774;1.000000;0.000291;
"tent_ltable";204175.383558;5976.811476;343.627716;0.000000;0.000000;1.000000;0.000347;
"tent_ltable";204173.476563;5984.003907;343.663025;358.910706;3.710721;1.000000;0.000130;
"tent_pallets";201106.493774;4578.460449;9.152981;0.000000;0.000000;1.000000;0.000936;
"tent_pallets";201105.154419;4558.957031;9.152981;0.000000;0.000000;1.000000;0.000698;
"tent_pallets";204170.676526;5981.546339;343.627716;0.000000;0.000000;1.000000;0.000632;
