"pond_50x50";204425.797852;7582.229004;0.000000;0.000000;0.000000;1.000000;1.961639;
"pond_50x50";204428.559833;7615.877470;0.000000;0.000000;0.000000;1.000000;-0.990448;
"pond_50x50";204429.499512;7533.116211;0.000000;0.000000;0.000000;1.000000;-4.988586;
"pond_50x50";204476.415365;7621.069344;0.000000;0.000000;0.000000;1.000000;-2.794495;
"pond_50x50";204474.194824;7583.680664;0.000000;0.000000;0.000000;1.000000;5.439102;
"pond_50x50";204477.133301;7534.357422;0.000000;0.000000;0.000000;1.000000;-3.659470;
"pond_50x50_moss";27.986000;6723.242428;0.000000;0.000000;0.000000;1.000000;0.000000;
"pond_50x50_moss";27.986000;6641.039552;0.000000;0.000000;0.000000;1.000000;0.000000;
"pond_50x50_moss";27.986000;6649.378910;0.000000;0.000000;0.000000;1.000000;0.000000;
"pond_50x50_moss";27.986000;6675.588382;0.000000;0.000000;0.000000;1.000000;0.000000;
"pond_50x50_moss";27.986000;6679.162599;0.000000;0.000000;0.000000;1.000000;0.000000;
"pond_50x50_moss";27.986000;6675.588382;0.000000;0.000000;0.000000;1.000000;0.000000;
"pond_50x50_moss";27.986000;6643.422364;0.000000;0.000000;0.000000;1.000000;-0.000465;
"pond_50x50_moss";27.986000;6681.545352;0.000000;0.000000;0.000000;1.000000;0.000000;
"pond_50x50_moss";27.986000;6722.050960;0.000000;0.000000;0.000000;1.000000;0.000000;
"pond_50x50_moss";27.986000;6724.433711;0.000000;0.000000;0.000000;1.000000;0.000000;
"pond_50x50_moss";27.986000;6768.513419;0.000000;0.000000;0.000000;1.000000;0.000000;
"pond_50x50_moss";27.986000;6762.556642;0.000000;0.000000;0.000000;1.000000;0.000000;
"pond_50x50_moss";27.986000;6792.340334;0.000000;0.000000;0.000000;1.000000;0.000000;
"pond_50x50_moss";27.986000;6728.007434;0.000000;0.000000;0.000000;1.000000;0.000000;
"pond_50x50_moss";27.986000;6798.296877;0.000000;0.000000;0.000000;1.000000;0.000000;
"pond_50x50_moss";27.986000;6798.296877;0.000000;0.000000;0.000000;1.000000;0.000000;
"pond_50x50_moss";27.986000;6769.704708;0.000000;0.000000;0.000000;1.000000;0.000000;
"pond_50x50_moss";27.986000;6768.989887;0.000000;0.000000;0.000000;1.000000;0.000000;
"pond_50x50_moss";201741.208496;3745.180666;0.000000;0.000000;0.000000;1.000000;-0.000076;
"pond_50x50_moss";201740.540527;3794.207277;0.000000;0.000000;0.000000;1.000000;0.598042;
"pond_50x50_moss";201688.505981;3793.873048;0.000000;0.000000;0.000000;1.000000;2.609806;
"pond_50x50_moss";201689.397827;3743.064455;0.000000;0.000000;0.000000;1.000000;1.337654;
"pond_50x50_moss";202506.536440;6743.225332;0.000000;0.000000;0.000000;1.000000;-5.774313;
"pond_50x50_moss";202571.567139;6781.251954;0.000000;0.000000;0.000000;1.000000;-12.853352;
"pond_50x50_moss";202523.069665;6779.598427;0.000000;0.000000;0.000000;1.000000;-11.548254;
"pond_50x50_moss";202618.962368;6775.740674;0.000000;0.000000;0.000000;1.000000;-19.698584;
"pond_50x50_moss";202567.173828;6693.591309;0.000000;0.000000;0.000000;1.000000;5.548523;
"pond_50x50_moss";202534.642822;6735.509767;0.000000;0.000000;0.000000;1.000000;2.164124;
"pond_50x50_moss";202578.180420;6736.061036;0.000000;0.000000;0.000000;1.000000;0.000126;
"pond_50x50_moss";202518.109697;6705.198914;0.000000;0.000000;0.000000;1.000000;0.429062;
"pond_50x50_moss";202590.855886;6689.216796;0.000000;0.000000;0.000000;1.000000;0.869144;
"pond_50x50_moss";202615.655723;6738.265364;0.000000;0.000000;0.000000;1.000000;-11.316221;
"pond_50x50_moss";202531.336182;6669.376954;0.000000;0.000000;0.000000;1.000000;-1.374725;
"pond_50x50_moss";202566.056152;6659.457032;0.000000;0.000000;0.000000;1.000000;-0.544924;
"pond_50x50_moss";202646.740722;6616.930177;0.000000;0.000000;0.000000;1.000000;-10.420528;
"pond_50x50_moss";201104.501114;5768.812873;0.000000;0.000000;0.000000;1.000000;-1.666543;
"pond_50x50_moss";201152.154907;5771.195801;0.000000;0.000000;0.000000;1.000000;0.449687;
"pond_50x50_moss";201105.692459;5728.307163;0.000000;0.000000;0.000000;1.000000;0.667000;
"pond_50x50_moss";201147.389512;5727.115819;0.000000;0.000000;0.000000;1.000000;0.667000;
"pond_50x50_moss";201098.544392;5683.036077;0.000000;0.000000;0.000000;1.000000;0.117292;
"pond_50x50_moss";201135.476074;5642.553223;0.000000;0.000000;0.000000;1.000000;0.667000;
"pond_50x50_moss";201143.815479;5687.801454;0.000000;0.000000;0.000000;1.000000;0.638403;
"pond_50x50_moss";201084.248260;5598.450625;0.000000;0.000000;0.000000;1.000000;0.547891;
"pond_50x50_moss";201090.204982;5638.956334;0.000000;0.000000;0.000000;1.000000;0.461033;
"pond_50x50_moss";201129.519346;5612.746758;0.000000;0.000000;0.000000;1.000000;0.667000;
"pond_50x50_moss";201075.908849;5554.370883;0.000000;0.000000;0.000000;1.000000;0.530468;
"pond_50x50_moss";201124.753969;5577.006426;0.000000;0.000000;0.000000;1.000000;0.552309;
"pond_50x50_moss";201121.179936;5542.457439;0.000000;0.000000;0.000000;1.000000;0.620171;
"pond_50x50_moss";201099.625000;5523.320313;0.000000;0.000000;0.000000;1.000000;0.617098;
"pond_50x50_moss";201067.569438;5512.673829;0.000000;0.000000;0.000000;1.000000;-0.404241;
"pond_50x50_moss";201596.924316;5224.149416;0.000000;0.000000;0.000000;1.634263;2.174950;
"pond_big_28_01_moss";201429.105116;5580.573996;0.000000;0.000000;0.000000;1.000000;1.328945;
"pond_big_28_02_moss";201477.864186;5578.733532;0.000000;0.000000;0.000000;1.000000;1.701958;
"pond_big_28_03_moss";201432.943848;5541.748535;0.000000;0.000000;0.000000;1.000000;-0.000759;
"pond_big_28_04_moss";201479.301340;5535.382472;0.000000;0.000000;0.000000;1.000000;-4.339680;
