"airfield_light_edge";202681.691166;6216.791742;0.000000;0.000000;0.000000;1.000000;0.000000;
"airfield_light_papi4";208521.703125;7720.509766;323.259094;0.000000;0.000000;1.000000;0.000002;
"airfield_light_papi4";208360.520508;7520.722168;0.000000;0.000000;0.000000;1.000000;0.000002;
"airfield_light_papi4";208366.645508;7557.058594;0.000000;0.000000;0.000000;1.000000;0.000002;
"airfield_light_papi4";208432.639648;7698.321289;0.000000;0.000000;0.000000;1.000000;0.000002;
"airfield_light_papi4";208465.625000;7715.856446;323.259094;0.000000;0.000000;1.000000;0.000002;
"airfield_light_papi4";202713.031250;6205.374512;0.000000;0.000000;0.000000;1.000000;0.000000;
"airfield_light_papi4";202672.037354;6213.499512;0.000000;0.000000;0.000000;1.000000;0.000000;
"airfield_light_papi4";202667.562500;6186.382813;0.000000;0.000000;0.000000;1.000000;0.000000;
"airfield_light_papi4";202659.453125;6138.235352;0.000000;0.000000;0.000000;1.000000;0.000000;
"airfield_light_papi4";202663.046875;6159.384766;0.000000;0.000000;0.000000;1.000000;0.000000;
"airfield_light_papi4";202655.171875;6114.272950;0.000000;0.000000;0.000000;1.000000;0.000000;
"airfield_light_papi4";202651.468750;6093.687012;0.000000;0.000000;0.000000;1.000000;0.000000;
"airfield_light_papi4";202707.953125;6177.325684;0.000000;0.000000;0.000000;1.000000;0.000000;
"airfield_light_papi4";202703.421875;6151.354004;0.000000;0.000000;0.000000;1.000000;0.000000;
"airfield_light_papi4";202697.453125;6117.860840;0.000000;0.000000;0.000000;1.000000;0.000000;
"airfield_light_papi4";202647.531250;6071.750489;0.000000;0.000000;0.000000;1.000000;0.000000;
"airfield_light_papi4";202643.359375;6048.014160;0.000000;0.000000;0.000000;1.000000;0.000000;
"airfield_light_papi4";202629.968750;5971.967774;0.000000;0.000000;0.000000;1.000000;0.000000;
"airfield_light_papi4";202634.359375;5996.379395;0.000000;0.000000;0.000000;1.000000;0.000000;
"airfield_light_papi4";202638.984375;6022.364746;0.000000;0.000000;0.000000;1.000000;0.000000;
"airfield_light_papi4";202681.484375;6027.477051;0.000000;0.000000;0.000000;1.000000;0.000000;
"airfield_light_papi4";202690.953125;6079.866700;0.000000;0.000000;0.000000;1.000000;0.000000;
"airfield_light_papi4";202674.656250;5988.289551;0.000000;0.000000;0.000000;1.000000;0.000000;
"airfield_light_papi4";202663.875000;5925.916504;0.000000;0.000000;0.000000;1.000000;0.000000;
"airfield_light_papi4";202623.343750;5935.291993;0.000000;0.000000;0.000000;1.000000;0.000000;
"airfield_light_papi4";202618.843750;5909.980957;0.000000;0.000000;0.000000;1.000000;0.000000;
"airfield_light_papi4";202614.000000;5882.531250;0.000000;0.000000;0.000000;1.000000;0.000000;
"airfield_light_papi4";202658.343750;5893.577637;0.000000;0.000000;0.000000;1.000000;0.000000;
"airfield_light_papi4";202652.281250;5861.085450;0.000000;0.000000;0.000000;1.000000;0.000000;
"airfield_light_papi4";202669.234375;5957.479493;0.000000;0.000000;0.000000;1.000000;0.000000;
"airfield_light_papi4";202608.031250;5847.092774;0.000000;0.000000;0.000000;1.000000;0.000000;
"airfield_light_papi4";202601.171875;5808.168457;0.000000;0.000000;0.000000;1.000000;0.000000;
"airfield_light_papi4";202645.984375;5824.224610;0.000000;0.000000;0.000000;1.000000;0.000000;
"airfield_light_papi4";202640.546875;5794.019043;0.000000;0.000000;0.000000;1.000000;0.000000;
"airfield_light_papi4";202594.421875;5771.606934;0.000000;0.000000;0.000000;1.000000;0.000000;
"airfield_light_papi4";202634.875000;5762.222657;0.000000;0.000000;0.000000;1.000000;0.000000;
"airfield_light_papi4";202623.000000;5693.650391;0.000000;0.000000;0.000000;1.000000;0.000000;
"airfield_light_papi4";202612.078125;5695.113282;0.000000;0.000000;0.000000;1.000000;0.000000;
"airfield_light_papi4";202582.609375;5701.073243;0.000000;0.000000;0.000000;1.000000;0.000000;
"airfield_light_papi4";202594.078125;5698.487305;0.000000;0.000000;0.000000;1.000000;0.000000;
"airfield_light_papi4";202628.578125;5725.358399;0.000000;0.000000;0.000000;1.000000;0.000000;
"airfield_light_papi4";202587.453125;5732.121582;0.000000;0.000000;0.000000;1.000000;0.000000;
"airfield_light_papi4";202602.750000;5696.911133;0.000000;0.000000;0.000000;1.000000;0.000000;
"airfield_light_papi4";208374.809570;7607.849121;0.000000;0.000000;0.000000;1.000000;0.000002;
"airfield_light_papi4";208370.625977;7581.691407;0.000000;0.000000;0.000000;1.000000;0.000002;
"airfield_light_papi4";208439.473633;7733.960938;0.000000;0.000000;0.000000;1.000000;-0.000065;
"airfield_light_papi4";208415.152344;7740.276856;0.000000;0.000000;0.000000;1.000000;-0.000256;
"airfield_light_papi4";208395.330078;7737.954590;0.000000;0.000000;0.000000;1.000000;-0.000019;
"airfield_light_papi4";208389.187500;7699.388672;0.000000;0.000000;0.000000;1.000000;-0.000004;
"airfield_light_papi4";208393.254883;7722.999512;0.000000;0.000000;0.000000;1.000000;0.000002;
"airfield_light_papi4";208386.870117;7679.433106;0.000000;0.000000;0.000000;1.000000;0.000002;
"airfield_light_papi4";208382.853516;7656.679200;0.000000;0.000000;0.000000;1.000000;0.000002;
"airfield_light_papi4";208378.813477;7632.375000;0.000000;0.000000;0.000000;1.000000;0.000002;
"airfield_light_papi4";208535.515625;7618.438965;323.259094;0.000000;0.000000;1.000000;0.000002;
"airfield_light_papi4";208493.891601;7638.277344;323.259094;0.000000;0.000000;1.000000;0.000002;
"airfield_light_papi4";208543.406250;7652.230957;323.259094;0.000000;0.000000;1.000000;0.000002;
"airfield_light_papi4";208426.786133;7662.899414;0.000000;0.000000;0.000000;1.000000;0.000002;
"airfield_light_papi4";208484.375000;7666.864258;323.259094;0.000000;0.000000;1.000000;0.000002;
"airfield_light_papi4";208407.715820;7540.463379;0.000000;0.000000;0.000000;1.000000;0.000002;
"airfield_light_papi4";208419.029297;7609.520508;0.000000;0.000000;0.000000;1.000000;0.000002;
"airfield_light_papi4";208411.512695;7571.043946;0.000000;0.000000;0.000000;1.000000;0.000002;
"airfield_light_papi4";208401.756836;7509.820313;0.000000;0.000000;0.000000;1.000000;0.000002;
"airfield_light_papi4";208511.937500;7588.003418;323.259094;0.000000;0.000000;1.000000;0.000002;
"airfield_light_papi4";208532.421875;7536.080567;323.259094;0.000000;0.000000;1.000000;0.000002;
"airfield_light_papi4";208582.609375;7538.714844;323.259094;0.000000;0.000000;1.000000;0.000002;
"airfield_light_papi4";208356.640625;7496.738770;0.000000;0.000000;0.000000;1.000000;0.000002;
"airfield_light_papi4";208351.296875;7468.208496;0.000000;0.000000;0.000000;1.000000;0.000002;
"airfield_light_papi4";208384.100586;7406.981446;0.000000;0.000000;0.000000;1.000000;0.000002;
"airfield_light_papi4";208390.672852;7444.028809;0.000000;0.000000;0.000000;1.000000;0.000002;
"airfield_light_papi4";208345.749023;7433.092774;0.000000;0.000000;0.000000;1.000000;0.000002;
"airfield_light_papi4";208338.596680;7394.315430;0.000000;0.000000;0.000000;1.000000;0.000002;
"airfield_light_papi4";208332.948242;7357.818360;0.000000;0.000000;0.000000;1.000000;0.000002;
"airfield_light_papi4";208379.048828;7376.829590;0.000000;0.000000;0.000000;1.000000;0.000002;
"airfield_light_papi4";208374.892578;7344.616211;0.000000;0.000000;0.000000;1.000000;0.000002;
"airfield_light_papi4";208325.532227;7317.029785;0.000000;0.000000;0.000000;1.000000;0.000002;
"airfield_light_papi4";208367.499023;7309.008789;0.000000;0.000000;0.000000;1.000000;0.000002;
"airfield_light_papi4";208396.480469;7475.741700;0.000000;0.000000;0.000000;1.000000;0.000002;
"airfield_light_papi4";208550.640625;7484.296387;323.259094;0.000000;0.000000;1.000000;0.000002;
"airfield_light_papi4";208599.812500;7490.774414;323.259094;0.000000;0.000000;1.000000;0.000002;
"airfield_light_papi4";208619.203125;7438.263184;323.259094;0.000000;0.000000;1.000000;0.000002;
"airfield_light_papi4";208568.921875;7433.264160;323.259094;0.000000;0.000000;1.000000;0.000002;
"airfield_light_papi4";208591.328125;7374.216797;323.259094;0.000000;0.000000;1.000000;0.000002;
"airfield_light_papi4";208636.328125;7385.891114;323.259094;0.000000;0.000000;1.000000;0.000002;
"airfield_light_papi4";208607.281250;7327.210449;323.259094;0.000000;0.000000;1.000000;0.000002;
"airfield_light_papi4";208655.015625;7337.357910;323.259094;0.000000;0.000000;1.000000;0.000002;
"airfield_light_papi4";208671.629883;7294.634278;323.259094;0.000000;0.000000;1.000000;0.000002;
"airfield_light_papi4";208323.792969;7263.475586;0.000000;0.000000;0.000000;1.000000;0.000002;
"airfield_light_papi4";208320.803711;7284.750000;0.000000;0.000000;0.000000;1.000000;0.000002;
"airfield_light_papi4";208331.878906;7263.321289;0.000000;0.000000;0.000000;1.000000;0.000002;
"airfield_light_papi4";208346.371094;7260.418457;0.000000;0.000000;0.000000;1.000000;0.000002;
"airfield_light_papi4";208362.316406;7277.895508;0.000000;0.000000;0.000000;1.000000;0.000002;
"airfield_light_papi4";208639.406250;7275.830078;323.259094;0.000000;0.000000;1.000000;0.000002;
"airfield_light_papi4";208654.062500;7280.715821;323.259094;0.000000;0.000000;1.000000;0.000002;
"airfield_light_papi4";208643.640625;7277.632324;323.259094;0.000000;0.000000;1.000000;0.000002;
"airfield_light_papi4";208621.625000;7285.999512;323.259094;0.000000;0.000000;1.000000;0.000002;
"airfield_light_papi4";208657.484375;7282.166992;323.259094;0.000000;0.000000;1.000000;0.000002;
"airfield_light_papi4";208665.812500;7284.119141;323.259094;0.000000;0.000000;1.000000;0.000002;
"airfield_light_papi4";208646.859375;7278.390137;323.259094;0.000000;0.000000;1.000000;0.000002;
"airfield_light_papi4";208661.406250;7282.982422;323.259094;0.000000;0.000000;1.000000;0.000002;
"airfield_light_papi4";208650.500000;7279.323242;323.259094;0.000000;0.000000;1.000000;0.000002;
"airfield_light_reflector";202681.977783;6214.748536;280.716949;0.000000;0.000000;1.000000;0.000000;
"airfield_light_reflector";202706.656250;6209.145508;280.716949;0.000000;0.000000;1.000000;0.000000;
"airfield_light_reflector";202693.671875;6212.068360;280.716949;0.000000;0.000000;1.000000;0.000000;
"airfield_small_control";202703.036621;5953.640625;100.811935;0.000000;0.000000;1.000000;0.224575;
"airfield_small_control";208434.688477;7538.530762;100.811935;0.000000;0.000000;1.000000;0.224575;
"airfield_small_control";208506.696289;7554.861816;249.967239;0.000000;0.000000;1.000001;0.224569;
"autodrome_01";203539.280875;7756.599679;0.000000;0.000000;0.000000;1.000000;0.000000;
"autodrome_02";203536.421648;7733.725866;0.000000;0.000000;0.000000;1.000000;0.000000;
"autodrome_03";203530.703195;7706.086675;0.000000;0.000000;0.000000;1.000000;0.000000;
"autodrome_04";203534.515497;7684.165938;0.000000;0.000000;0.000000;1.000000;0.000000;
"autodrome_05";203519.266288;7664.151351;0.000000;0.000000;0.000000;1.000000;0.000000;
"cableway_base";203607.902314;7753.740452;0.000000;0.000000;0.000000;1.000000;0.000000;
"cableway_base_rope1";203604.090088;7733.726074;0.000000;0.000000;0.000000;1.000000;0.000001;
"cableway_base_rope2";203620.292296;7718.476657;0.000000;0.000000;0.000000;1.000000;0.000000;
"cableway_cart";203595.512333;7709.898978;0.000000;0.000000;0.000000;1.000000;0.000000;
"cableway_rope";203594.559257;7685.119014;0.000000;0.000000;0.000000;1.000000;0.000000;
"cableway_tower";203619.339221;7663.198276;0.000000;0.000000;0.000000;1.000000;0.000000;
"cableway_tower_slope";203626.010750;7614.591423;0.000000;0.000000;0.000000;1.000000;0.000000;
"camp_house_brown";203496.642822;7848.213867;182.870255;0.000000;0.000000;1.000003;0.338891;
"camp_house_brown";203617.922363;7878.706543;153.735397;0.000000;0.000000;1.000003;0.338799;
"camp_house_brown";203522.668945;7849.329590;167.787033;0.000000;0.000000;1.000003;0.338980;
"camp_house_brown";203547.433594;7853.660156;163.661758;0.000000;0.000000;1.000002;0.339030;
"camp_house_brown";203571.519287;7859.950684;159.149704;0.000000;0.000000;1.000002;0.338980;
"camp_house_brown";203595.534912;7868.877930;155.668961;0.000000;0.000000;1.000002;0.339026;
"camp_house_brown";202491.623536;6721.930176;280.072418;0.000000;0.000000;1.000001;0.342072;
"camp_house_brown";202575.780274;6778.155761;22.173466;0.000000;0.000000;1.000002;0.339405;
"camp_house_brown";202540.532959;6645.420899;199.371307;0.000000;0.000000;1.000001;0.339159;
"camp_house_brown";202602.812743;6644.291992;128.983444;0.000000;0.000000;1.000001;0.338516;
"camp_house_brown";204434.453614;7635.242187;342.467499;0.000000;0.000000;1.000003;0.339142;
"camp_house_brown";201678.760133;3823.879150;339.234680;10.947692;2.769797;1.000002;0.211571;
"camp_house_brown";201635.555787;3764.957032;260.735077;0.000000;0.000000;1.000000;0.338165;
"camp_house_brown";201767.840453;3731.275635;126.337227;0.000000;0.000000;1.000002;0.338379;
"camp_house_brown";201693.283569;3699.918946;192.023102;0.000000;0.000000;1.000001;0.338390;
"camp_house_red";201562.722656;5262.654297;305.423218;358.700348;358.642029;1.000002;0.373848;
"camp_house_red";201657.054444;3812.249023;317.737823;5.559223;2.033747;1.000003;0.074497;
"camp_house_red";201752.449707;3808.605468;43.331429;4.124542;351.342621;1.000003;0.372063;
"camp_house_red";201642.672852;3741.373536;238.686310;356.959900;1.816177;1.000001;0.373371;
"camp_house_red";201779.088500;3765.174804;88.065125;0.458435;0.547869;1.000003;0.372971;
"camp_house_white";201638.296021;3791.920654;286.518219;0.000000;0.000000;1.000000;0.336895;
"camp_house_white";201705.613281;3826.363769;5.156663;10.271038;359.063507;1.000001;0.337265;
"camp_house_white";201669.154175;3712.261475;217.806213;0.000000;0.000000;1.000001;0.337311;
"camp_house_white";201744.897704;3710.488526;143.869781;0.000000;0.000000;1.000002;0.337498;
"castle_bastion";200996.214966;9410.178711;317.071136;0.000000;0.000000;1.000000;0.000000;
"castle_bastion";203414.706787;4546.628906;317.071136;0.000000;0.000000;1.000000;-0.000259;
"castle_bastion_nolc";200952.191040;9244.412109;1.546869;0.000000;0.000000;1.000000;-0.000004;
"castle_bergfrit";201041.940551;9370.615234;178.358109;0.000000;0.000000;1.000000;0.000000;
"castle_bergfrit";203460.432373;4507.065430;178.358109;0.000000;0.000000;1.000000;-0.000065;
"castle_donjon";200943.605957;9263.018555;0.000000;0.000000;0.000000;1.000000;0.000000;
"castle_donjon";201039.162109;9407.203125;270.404327;0.000000;0.000000;1.000000;0.000000;
"castle_donjon";200991.124329;9389.382813;337.826538;0.000000;0.000000;1.000000;0.000000;
"castle_donjon";203409.616211;4525.833008;337.826538;0.000000;0.000000;1.000000;-0.000385;
"castle_donjon";203457.654053;4543.653320;270.404327;0.000000;0.000000;1.000000;-0.000156;
"castle_gate";201012.701843;9349.665040;3.222822;0.000000;0.000000;1.000000;0.000000;
"castle_gate";203431.169189;4485.940918;3.222822;5.792004;0.000000;1.000001;0.201881;
"castle_stairs";201043.998047;9264.185547;0.000000;0.000000;0.000000;1.000000;0.000000;
"castle_stairs";200998.513000;9409.657227;234.951950;0.000000;0.000000;1.000000;0.000000;
"castle_stairs";203417.004883;4546.107422;234.951950;0.000000;0.000000;1.000000;0.000000;
"castle_stairs_nolc";201004.891846;9360.249023;91.788368;0.000000;0.000000;1.000000;0.000000;
"castle_stairs_nolc";200914.529846;9294.859375;0.000000;0.000000;0.000000;1.000000;0.000000;
"castle_stairs_nolc";201052.494385;9372.770508;178.419586;0.000000;0.000000;1.000000;0.000000;
"castle_stairs_nolc";203470.986328;4509.220703;178.419586;0.000000;0.000000;1.000000;-0.000076;
"castle_stairs_nolc";203422.203613;4495.542480;91.788368;0.000000;0.000000;0.991025;-0.499115;
"castle_wall1_20";201014.901733;9288.494140;0.000000;0.000000;0.000000;1.000000;0.000000;
"castle_wall1_20";200906.919190;9282.444336;0.000000;0.000000;0.000000;1.000000;0.000000;
"castle_wall1_20_turn";201030.486206;9359.840820;159.665298;0.000000;0.000000;1.000000;0.000004;
"castle_wall1_20_turn";200991.356873;9371.719726;269.888062;0.000000;0.000000;1.000000;0.000000;
"castle_wall1_20_turn";200998.108399;9354.368164;243.202545;0.000000;0.000000;1.000000;0.000004;
"castle_wall1_20_turn";200966.120178;9275.716797;0.000000;0.000000;0.000000;1.000000;0.000000;
"castle_wall1_20_turn";203448.978272;4496.291016;159.665298;0.000000;0.000000;1.000000;-0.000469;
"castle_wall1_20_turn";203374.359375;4499.148437;261.637482;0.000000;0.000000;1.000000;-7.088669;
"castle_wall1_20_turn";203409.848877;4508.169922;269.888062;0.000000;0.000000;1.000000;0.000065;
"castle_wall1_20_turn";203416.600342;4490.818359;243.202545;0.000000;0.000000;1.000000;0.000206;
"castle_wall1_20_turn";203377.101074;4540.532715;290.772461;0.000000;0.000000;1.000000;-7.088245;
"castle_wall1_20_turn";203402.908203;4566.354004;349.944611;0.000000;0.000000;1.000000;-7.089279;
"castle_wall1_20_turn";203386.423095;4556.898926;325.579620;0.000000;0.000000;1.000000;-7.088718;
"castle_wall1_20_turn";203464.008789;4572.974121;8.766327;0.000000;0.000000;1.000000;-7.089291;
"castle_wall1_20_turn";203483.816894;4570.922364;18.306091;0.000000;0.000000;1.000000;-7.088348;
"castle_wall1_20_turn";203422.391357;4570.928223;358.195282;0.000000;0.000000;1.000001;-7.089279;
"castle_wall1_20_turn";203439.223389;4463.888184;191.636414;0.000000;0.000000;1.000000;-7.088757;
"castle_wall1_20_turn";203399.407959;4472.589844;202.465332;0.000000;0.000000;1.000000;-7.088764;
"castle_wall1_20_turn";203383.324707;4482.392578;237.272491;0.000000;0.000000;1.000000;-7.088757;
"castle_wall1_20_turn";203484.105713;4482.765625;173.649261;0.000000;0.000000;1.000000;-7.579166;
"castle_wall1_20_turn";203419.402832;4467.328125;202.465332;0.000000;0.000000;1.000000;-7.088943;
"castle_wall1_20_turn";203500.570557;4562.312500;53.113251;0.000000;0.000000;1.000000;-7.088581;
"castle_wall1_20_turn";203501.166992;4491.132813;149.284241;0.000000;0.000000;1.000000;-7.579647;
"castle_wall1_20_turn";203511.528809;4506.868653;114.477066;0.000000;0.000000;1.000000;-7.580662;
"castle_wall1_20_turn";203510.725830;4546.248535;77.478241;0.000000;0.000000;1.000000;-7.089207;
"castle_wall1_corner1";201069.477295;9409.641602;82.248116;0.000000;0.000000;1.000001;-0.000004;
"castle_wall1_corner1";201073.684082;9287.544922;172.102234;0.000000;0.000000;1.000000;0.000000;
"castle_wall1_corner1";201015.902832;9268.989258;0.000000;0.000000;0.000000;1.000000;0.000000;
"castle_wall1_corner1";203487.969238;4546.091797;82.248116;0.000000;0.000000;1.000001;-0.000061;
"castle_wall1_corner2";201064.340026;9274.371261;0.000000;0.000000;0.000000;1.000000;0.000000;
"castle_wall1_end1";200943.213623;9254.432617;0.000000;0.000000;0.000000;1.000000;0.000000;
"castle_wall1_end1";201070.708130;9387.040039;89.209526;0.000000;0.000000;1.000000;0.000000;
"castle_wall1_end1";201070.221558;9402.298828;87.275803;0.000000;0.000000;1.000000;0.000000;
"castle_wall1_end1";203489.199951;4523.490234;89.209526;0.000000;0.000000;1.000000;0.000664;
"castle_wall1_end1";203488.713623;4538.749023;87.275803;0.000000;0.000000;1.000000;-0.000080;
"castle_wall1_end2";200920.373963;9229.970703;0.000000;0.000000;0.000000;1.000000;0.000000;
"castle_wall1_end2";201071.703735;9374.545899;265.504944;0.000000;0.000000;1.000001;0.000000;
"castle_wall1_end2";203372.048828;4513.308106;280.588074;0.000000;0.000000;0.561747;-2.336216;
"castle_wall1_end2";203372.906494;4526.237793;98.749481;0.000000;0.000000;0.561747;-2.335663;
"castle_wall1_end2";203437.187012;4573.175781;0.000000;0.000000;0.000000;0.561747;-2.335873;
"castle_wall1_end2";203449.027832;4574.579102;178.161438;0.000000;0.000000;0.561747;-2.336159;
"castle_wall1_end2";203453.751465;4464.567383;332.541046;0.000000;0.000000;0.561748;-2.335472;
"castle_wall1_end2";203470.137207;4477.460937;150.702438;0.000000;0.000000;0.561748;-2.335037;
"castle_wall1_end2";203515.780518;4521.184082;270.274811;0.000000;0.000000;0.561747;-2.336262;
"castle_wall1_end2";203490.195557;4510.996094;265.504944;0.000000;0.000000;1.000001;-0.000072;
"castle_wall1_end2";203514.658447;4532.253906;88.436066;0.000000;0.000000;0.561747;-2.335140;
"castle_wall2_30";201009.937500;9227.208984;180.610397;0.000000;0.000000;1.000000;0.000000;
"castle_wall2_30";201021.019531;9412.963867;3.609390;0.000000;0.000000;1.000001;-0.000004;
"castle_wall2_30";201057.873046;9411.558594;0.644070;0.000000;0.000000;1.000001;-0.000008;
"castle_wall2_30";201058.435913;9364.609375;180.610397;0.000000;0.000000;1.000000;0.000000;
"castle_wall2_30";203476.927979;4501.059570;180.610397;0.000000;0.000000;1.000000;-0.000076;
"castle_wall2_30";203476.364990;4548.008789;0.644070;0.000000;0.000000;1.000001;0.000031;
"castle_wall2_30";203439.511474;4549.414062;3.609390;0.000000;0.000000;1.000001;-0.000389;
"castle_wall2_corner1";201043.752930;9256.673829;84.826416;0.000000;0.000000;1.000000;0.000000;
"castle_wall2_corner1";201010.707092;9411.337890;269.759155;0.000000;0.000000;1.000000;0.000000;
"castle_wall2_corner1";201068.859864;9366.852540;84.826416;0.000000;0.000000;1.000000;0.000000;
"castle_wall2_corner1";203429.198974;4547.788085;269.759155;0.000000;0.000000;1.000000;-0.000164;
"castle_wall2_corner1";203487.351807;4503.302735;84.826416;0.000000;0.000000;1.000000;-0.000145;
"castle_wall2_corner2";201089.904095;9224.588601;0.000000;0.000000;0.000000;1.000000;0.000000;
"castle_wall2_end1";200995.973449;9249.366211;267.696503;0.000000;0.000000;1.000001;-0.000004;
"castle_wall2_end1";201043.084595;9275.757813;91.014412;0.000000;0.000000;1.000001;-0.000004;
"castle_wall2_end2";201049.772217;9284.403320;0.000000;0.000000;0.000000;1.000000;0.000000;
"castle_walls_10";201032.448730;9395.596680;276.462769;0.000000;0.000000;1.000000;0.000000;
"castle_walls_10";200983.278320;9267.417969;0.000000;0.000000;0.000000;1.000000;0.000000;
"castle_walls_10";203450.940674;4532.046875;276.462769;0.000000;0.000000;1.000000;-0.000244;
"castle_walls_5_d";200971.936401;9264.186523;0.000000;0.000000;0.000000;1.000000;0.000000;
"castle_walls_5_d";201022.285889;9388.017578;273.368774;0.000000;0.000000;1.000000;0.000000;
"castle_walls_5_d";201026.757324;9392.174805;0.000000;0.000000;0.000000;1.000000;0.000000;
"castle_walls_5_d";203440.777832;4524.467773;273.368774;0.000000;0.000000;1.000000;-0.000183;
"castle_walls_5_d";203372.430176;4521.404297;280.201385;0.000000;0.000000;1.000000;0.000401;
"castle_walls_5_d";203445.249267;4528.625000;0.000000;0.000000;0.000000;1.000000;0.000439;
"castle_walls_5_d";203444.189941;4574.158691;359.613342;0.000000;0.000000;1.000000;-0.000298;
"castle_walls_5_d";203464.250244;4472.520996;324.290527;0.000000;0.000000;1.000001;-0.000454;
"castle_walls_5_d";203459.767090;4468.965820;324.290527;0.000000;0.000000;1.000001;-0.000725;
"castle_walls_end";200983.024414;9259.199219;0.000000;0.000000;0.000000;1.000000;0.000000;
"castle_walls_end";201033.352417;9376.326172;0.000000;0.000000;0.000000;1.000000;0.000000;
"castle_walls_end";203468.365478;4479.307129;0.000000;0.000000;0.000000;1.000000;-0.000702;
"castle_walls_end";203451.844482;4512.776367;0.000000;0.000000;0.000000;1.000000;-0.000355;
"cemetery_grave1";201606.466114;3497.773580;0.000000;0.000000;0.000000;1.000000;0.000000;
"cemetery_grave2";201626.875000;3483.412354;0.000000;0.000000;0.000000;1.000000;0.000000;
"cemetery_grave2";201610.756226;3496.738037;0.000000;0.000000;0.000000;1.000000;0.000000;
"cemetery_grave3";201628.490479;3495.442138;0.000000;0.000000;0.000000;1.000000;0.000050;
"cemetery_grave3";201640.718750;3483.041015;0.000000;0.000000;0.000000;1.000000;0.000046;
"cemetery_grave3";201620.405152;3483.826172;0.000000;0.000000;0.000000;1.000000;-0.000103;
"cemetery_grave3";201620.313111;3479.017822;0.000000;0.000000;0.000000;1.000000;-0.000103;
"cemetery_grave3";201638.217774;3479.041992;0.000000;0.000000;0.000000;1.000000;0.000042;
"cemetery_grave3";201624.815552;3497.571289;0.000000;0.000000;0.000000;1.000000;0.000042;
"cemetery_grave3";201610.320557;3488.225097;0.000000;0.000000;0.000000;1.000000;-0.000076;
"cemetery_grave3";201613.157227;3478.636963;0.000000;0.000000;0.000000;1.000000;0.000046;
"cemetery_grave3";201635.140625;3483.893066;0.000000;0.000000;0.000000;1.000000;0.000046;
"cemetery_grave3";201609.613526;3479.212158;0.000000;0.000000;0.000000;1.000000;-0.000038;
"cemetery_grave3";201627.389527;3478.155517;0.000000;0.000000;0.000000;1.000000;0.000061;
"cemetery_grave3";201640.062500;3497.230957;0.000000;0.000000;0.000000;1.000000;0.000046;
"cemetery_grave3";201632.734375;3495.333007;0.000000;0.000000;0.000000;1.000000;0.000046;
"cemetery_grave3";201630.574951;3489.998779;0.000000;0.000000;0.000000;1.000000;-0.000092;
"cemetery_grave3";201617.742310;3484.648193;0.000000;0.000000;0.000000;1.000000;-0.000092;
"cemetery_grave4";201604.678345;3479.489501;0.000000;0.000000;0.000000;1.000000;-0.000175;
"cemetery_grave4";201616.994141;3476.725341;0.000000;0.000000;0.000000;1.000000;-0.000099;
"cemetery_grave4";201605.825928;3484.913330;0.000000;0.000000;0.000000;1.000000;-0.000202;
"cemetery_grave4";201624.985840;3490.918457;0.000000;0.000000;0.000000;1.000000;-0.000237;
"cemetery_grave4";201619.243408;3492.463378;0.000000;0.000000;0.000000;1.000000;-0.000233;
"cemetery_grave4";201630.832520;3475.676269;0.000000;0.000000;0.000000;1.000000;-0.000114;
"cemetery_grave4";201618.890747;3488.289794;0.000000;0.000000;0.000000;1.000000;-0.000187;
"cemetery_grave4";201620.426880;3496.923583;0.000000;0.000000;0.000000;1.000000;-0.000031;
"cemetery_grave4";201614.552246;3488.118164;0.000000;0.000000;0.000000;1.000000;-0.000172;
"cemetery_grave4";201605.421875;3493.429199;0.000000;0.000000;0.000000;1.000000;-0.000202;
"cemetery_grave4";201623.675537;3476.822509;0.000000;0.000000;0.000000;1.000000;-0.000034;
"cemetery_smallcross";201628.695679;3493.524902;0.000000;0.000000;0.000000;1.000000;0.000000;
"cemetery_tombstone1";201624.859375;3496.052491;0.000000;0.000000;0.000000;1.000000;0.000034;
"cemetery_tombstone1";201605.504517;3488.823487;0.000000;0.000000;0.000000;1.000000;0.000034;
"cemetery_tombstone11";201638.296875;3477.530029;0.000000;0.000000;0.000000;1.000000;0.000004;
"cemetery_tombstone11";201630.968750;3474.479492;0.000000;0.000000;0.000000;1.000000;0.000004;
"cemetery_tombstone11";201620.522094;3496.238281;0.000000;0.000000;0.000000;1.000000;-0.000332;
"cemetery_tombstone11";201623.618652;3476.195557;0.000000;0.000000;0.000000;1.000000;-0.000366;
"cemetery_tombstone11";201630.625000;3488.046143;0.000000;0.000000;0.000000;1.000000;0.000004;
"cemetery_tombstone12";201620.328124;3477.412353;0.000000;0.000000;0.000000;1.000000;0.000019;
"cemetery_tombstone12";201619.296875;3491.528320;0.000000;0.000000;0.000000;1.000000;0.000008;
"cemetery_tombstone13";201625.135742;3489.701660;0.000000;0.000000;0.000000;1.000000;0.000008;
"cemetery_tombstone14";201613.182006;3477.136230;0.000000;0.000000;0.000000;1.000000;-0.000034;
"cemetery_tombstone14";201605.499389;3492.409424;0.000000;0.000000;0.000000;1.000000;-0.000092;
"cemetery_tombstone2";201617.015625;3475.739991;0.000000;0.000000;0.000000;1.000000;0.000000;
"cemetery_tombstone2";201610.164551;3487.122071;0.000000;0.000000;0.000000;1.000000;0.000000;
"cemetery_tombstone3";201614.602639;3486.974193;0.000000;0.000000;0.000000;1.000000;0.000000;
"cemetery_tombstone4";201622.147416;3486.974193;0.000000;0.000000;0.000000;1.000000;0.000000;
"cemetery_tombstone4";201618.892807;3487.048162;0.000000;0.000000;0.000000;1.000000;0.000000;
"cemetery_tombstone5";201606.022304;3483.571647;0.000000;0.000000;0.000000;1.000000;0.000000;
"cemetery_tombstone5_damaged";201611.643903;3483.349741;0.000000;0.000000;0.000000;1.000000;0.000000;
"cemetery_tombstone6";201617.709312;3483.349742;0.000000;0.000000;0.000000;1.000000;0.000000;
"cemetery_tombstone7";201620.446143;3482.757995;0.000000;0.000000;0.000000;1.000000;0.000000;
"cemetery_tombstone8";201623.478847;3483.053868;0.000000;0.000000;0.000000;1.000000;0.000000;
"cemetery_tombstone8_damaged";201604.912720;3478.615723;0.000000;0.000000;0.000000;1.000000;0.000000;
"cemetery_tombstone8_damaged";201627.437500;3476.568604;0.000000;0.000000;0.000000;1.000000;0.000000;
"cemetery_tombstone9";201634.963990;3482.776123;0.000000;0.000000;0.000000;1.000000;0.000084;
"cemetery_tombstone9";201639.927979;3496.014160;0.000000;0.000000;0.000000;1.000000;-0.000198;
"cemetery_tombstone9";201610.736329;3495.699462;0.000000;0.000000;0.000000;1.000000;0.000057;
"cemetery_tombstone9";201606.399292;3496.765869;0.000000;0.000000;0.000000;1.000000;-0.000111;
"cemetery_tombstone9";201640.719971;3481.575927;0.000000;0.000000;0.000000;1.000000;-0.000313;
"cemetery_tombstone9";201632.771729;3494.054443;0.000000;0.000000;0.000000;1.000000;-0.000381;
"cemetery_tombstone9";201626.892701;3482.219726;0.000000;0.000000;0.000000;1.000000;-0.000114;
"cemetery_tombstone9";201609.534668;3477.892822;0.000000;0.000000;0.000000;1.000000;0.000076;
"church2_1";201502.588990;5989.332519;149.799988;0.000000;0.000000;1.000000;0.104902;
"church2_1";201657.766602;3488.195557;86.889244;0.000000;0.000000;1.000000;0.203728;
"church2_2";203931.107910;5365.037597;224.828674;0.000000;0.000000;1.000000;0.267258;
"dead_pile1";201673.187500;3490.564941;0.000000;0.000000;0.000000;1.000000;0.000023;
"dead_pile1";201669.578125;3490.655517;0.000000;0.000000;0.000000;1.000000;0.000023;
"dead_pile1";201672.409546;3486.185302;0.000000;0.000000;0.000000;1.000000;0.000023;
"ferris_wheel_cab";203556.451660;7776.890136;0.000000;0.000000;0.000000;1.000000;-0.000157;
"ferris_wheel_cab";203544.392334;7775.897949;0.000000;0.000000;0.000000;1.000000;-0.000157;
"ferris_wheel_cab";203550.326904;7775.968261;0.000000;0.000000;0.000000;1.000000;-0.000157;
"ferris_wheel_cab";203550.385986;7775.882324;0.000000;0.000000;0.000000;1.000000;-0.000157;
"ferris_wheel_wheel";203549.568115;7776.018066;0.000000;0.000000;0.000000;1.000000;-0.000157;
"fuelstation_build";203806.945801;5174.800293;320.651611;0.592468;1.676086;1.000002;0.165077;
"fuelstation_build";201047.447632;4340.222168;269.647095;0.257171;356.391205;1.000000;0.165126;
"fuelstation_feed";203812.295410;5169.310058;142.193787;4.312752;1.849182;1.008961;-0.048910;
"fuelstation_feed";203820.534179;5174.934082;142.193787;4.312752;1.849182;1.008961;-0.049078;
"fuelstation_feed";201067.604981;4351.482422;0.000000;0.000000;0.000000;1.000000;0.217921;
"fuelstation_feed";201053.810425;4351.279297;0.000000;0.000000;0.000000;1.000000;0.224733;
"fuelstation_feed";201060.772828;4351.187500;0.000000;0.000000;0.000000;1.000000;0.147879;
"fuelstation_shed";201060.588013;4350.953613;0.644373;359.583618;357.293823;1.000000;-0.115370;
"fuelstation_sign";203805.057862;5151.134765;326.610931;0.000000;0.000000;1.000002;-0.000307;
"fuelstation_sign";203841.374024;5180.271484;329.833862;0.000000;0.000000;1.000002;0.000071;
"fuelstation_sign";201070.227906;4325.622559;275.689270;0.000000;0.000000;1.000000;-0.000332;
"fuelstation_sign";201070.502442;4372.181152;278.912170;0.000000;0.000000;1.000000;-0.000189;
"lunapark_autodrome";203505.923339;7784.238769;0.000000;0.000000;0.000000;1.000000;0.000000;
"lunapark_bumper_car";203507.829382;7764.224283;0.000000;0.000000;0.000000;1.000000;0.000000;
"lunapark_carousel_small";203498.298584;7747.068848;0.000000;0.000000;0.000000;1.000000;0.000000;
"lunapark_carousel_swan";203496.363525;7543.728516;0.000000;0.000000;0.000000;1.000000;-0.000138;
"lunapark_ferris_wheel";203549.456787;7777.410156;0.000000;0.000000;0.000000;1.000000;-0.000157;
"lunapark_shooting_gallery";203525.937818;7635.559086;0.000000;0.000000;0.000000;1.000000;0.000000;
"prison_main";202980.480469;7483.670898;0.000000;0.000000;0.000000;1.000000;-0.024033;
"prison_main_int_stairs";202977.893311;7484.628906;0.000000;0.000000;0.000000;1.000000;0.000000;
"prison_maincastle_bars";202976.074707;7485.502441;0.000000;0.000000;0.000000;1.000000;0.040054;
"prison_maincastle_barsdoors";203139.507813;7372.679199;0.000000;0.000000;0.000000;1.000000;0.000000;
"prison_maincastle_doorframes";202976.072266;7485.986328;0.000000;0.000000;0.000000;1.000000;0.000000;
"prison_maincastle_windows";202976.111328;7485.573730;0.000000;0.000000;0.000000;1.000000;0.000000;
"prison_maincastle_windows_02";202983.631591;7487.525391;0.000000;0.000000;0.000000;1.000000;0.000023;
"prison_side";203020.344970;7450.477051;40.540497;0.000000;0.000000;1.000000;0.008492;
"prison_sidebuilding_windowsmall";203288.837541;7565.718183;0.000000;0.000000;0.000000;1.000000;0.000000;
"prison_wall_large";203002.713380;7481.300292;38.545799;0.000000;0.000000;1.000000;0.309387;
"prison_wall_small";203052.169189;7450.095703;291.743103;0.000000;0.000000;0.661543;-0.001411;
"prison_wall_small";203022.065918;7408.157227;339.055054;0.000000;0.000000;0.661543;-0.001419;
"prison_wall_small";203049.824951;7439.055664;291.743103;0.000000;0.000000;0.661543;-0.001411;
"prison_wall_small";203041.507568;7419.692871;339.055054;0.000000;0.000000;0.661543;-0.001419;
"prison_wall_small";203047.467041;7427.982910;291.743103;0.000000;0.000000;0.661543;-0.001411;
"prison_wall_small";203031.803223;7413.931152;339.055054;0.000000;0.000000;0.661543;-0.001419;
"prison_wall_small";203012.559814;7408.239258;40.934444;0.000000;0.000000;0.661543;-0.001419;
"prison_wall_small";203002.905029;7414.082031;40.934444;0.000000;0.000000;0.661543;-0.001419;
"prison_wall_small";202956.765381;7536.785645;160.507141;0.000000;0.000000;0.661545;-0.001411;
"prison_wall_small";202978.466309;7539.567871;198.666199;0.000000;0.000000;0.661543;-0.001419;
"prison_wall_small";202967.268555;7539.981445;185.000732;0.000000;0.000000;0.661543;-0.001419;
"prison_wall_small";202945.497559;7518.651367;111.193375;0.000000;0.000000;0.661542;-0.001411;
"prison_wall_small";202989.389893;7537.029785;206.916809;0.000000;0.000000;0.661543;-0.001411;
"prison_wall_small";202949.241699;7529.137207;127.823479;0.000000;0.000000;0.661544;-0.001419;
"prison_wall_small";203039.347656;7513.368164;247.782990;0.000000;0.000000;0.661543;-0.001411;
"prison_wall_small";203020.768066;7524.593750;212.202301;0.000000;0.000000;0.661543;-0.001411;
"prison_wall_small";203010.337891;7528.903809;212.202301;0.000000;0.000000;0.661543;-0.001411;
"prison_wall_small";202999.901367;7533.227051;212.202301;0.000000;0.000000;0.661543;-0.001411;
"prison_wall_small";203031.230957;7520.265625;212.202301;0.000000;0.000000;0.661543;-0.001411;
"prison_wall_small";203053.800293;7472.558105;281.300995;0.000000;0.000000;0.661543;-0.001411;
"prison_wall_small";203051.313965;7494.187012;247.782990;0.000000;0.000000;0.661543;-0.001411;
"prison_wall_small";203054.104980;7483.839355;281.300995;0.000000;0.000000;0.661543;-0.001411;
"prison_wall_small";203053.488525;7461.239746;281.300995;0.000000;0.000000;0.661543;-0.001411;
"prison_wall_small";203045.322998;7503.794434;247.782990;0.000000;0.000000;0.661543;-0.001411;
"prison_wall_small";202938.357666;7471.375977;111.193375;0.000000;0.000000;0.661542;-0.001411;
"prison_wall_small";202942.847656;7493.529297;111.193375;0.000000;0.000000;0.661542;-0.001411;
"prison_wall_small";202940.599609;7482.437012;111.193375;0.000000;0.000000;0.661542;-0.001411;
"prison_wall_small";202940.886719;7461.736816;58.724766;0.000000;0.000000;0.661543;-0.001411;
"prison_wall_small";202973.900146;7431.651367;40.934444;0.000000;0.000000;0.661543;-0.001419;
"prison_wall_small";202948.312500;7453.196777;58.724766;0.000000;0.000000;0.661543;-0.001411;
"prison_wall_small";202993.223389;7419.948242;40.934444;0.000000;0.000000;0.661543;-0.001419;
"prison_wall_small";202983.554932;7425.808594;40.934444;0.000000;0.000000;0.661543;-0.001419;
"prison_wall_small";202955.719727;7444.679688;58.724766;0.000000;0.000000;0.661543;-0.001411;
"prison_wall_small";202964.218506;7437.517578;40.934444;0.000000;0.000000;0.661543;-0.001419;
"radio_building";204053.466162;7288.094040;180.739410;0.000000;0.000000;1.000000;-0.000046;
"radio_building_logo";204054.827490;7293.732224;180.160721;0.000000;0.000000;1.000001;3.450577;
"swan_black_cab";203528.797044;7564.078420;0.000000;0.000000;0.000000;1.000000;0.000000;
"swan_carousel_arms";203494.153564;7543.591797;0.000000;0.000000;0.000000;1.000000;0.000045;
"swan_carousel_hydraulic";203491.627098;7510.706190;0.000000;0.000000;0.000000;1.000000;0.000000;
"swan_carousel_wheels";203492.580078;7502.128418;0.000000;0.000000;0.000000;1.000000;0.000000;
"swan_carousel_woodstairs";203489.944336;7542.942382;0.000000;0.000000;0.000000;1.000000;0.000163;
"swan_white_cab";203507.829382;7467.817791;0.000000;0.000000;0.000000;1.000000;0.000000;
"t34";204032.769775;7262.495117;35.967426;0.000000;0.000000;1.000000;0.000061;
"t34";204029.822754;7288.227051;35.967426;0.000000;0.000000;1.000000;-0.000168;
"t34";204033.560059;7256.576660;35.967426;0.000000;0.000000;1.000000;-0.000031;
"t34";204030.362549;7281.262207;35.967426;0.000000;0.000000;1.000000;-0.000107;
"t34";204032.179688;7268.719727;35.967426;0.000000;0.000000;1.000000;-0.000046;
"t34";204031.399414;7274.653809;35.967426;0.000000;0.000000;1.000000;-0.000153;
"t34";204133.312012;7220.819824;124.919128;0.000000;0.000000;1.000002;-0.000137;
"t34";204029.094482;7323.555176;35.967426;0.000000;0.000000;1.000000;-0.000198;
"t34";204029.820801;7316.710938;35.967426;0.000000;0.000000;1.000000;-0.000198;
"t34";204030.065918;7303.142090;35.967426;0.000000;0.000000;1.000000;-0.000183;
"t34";204029.760742;7295.411621;35.967426;0.000000;0.000000;1.000000;-0.000214;
"t34";204029.592285;7309.994629;35.967426;0.000000;0.000000;1.000000;-0.000183;
"t34";204143.812988;7249.552734;228.377289;0.000000;0.000000;1.000000;0.000061;
"t34";204141.042480;7223.252930;318.489227;0.000000;0.000000;1.000000;0.000076;
"tower_tc2_base";200600.019165;5128.228027;0.000000;0.000000;0.000000;1.000000;-0.000001;
"tower_tc2_mid";200599.480408;5127.731933;0.000000;0.000000;0.000000;1.000000;-0.675004;
"tower_tc2_top";200599.461853;5127.099609;0.000000;0.000000;0.000000;1.000000;-0.749978;
"tower_tc4_base";204092.106055;7284.884080;0.000000;0.000000;0.000000;1.000000;0.000000;
"tower_tc4_mid";204092.213720;7284.897752;0.000000;0.000000;0.000000;1.000000;-0.000137;
"tower_tc4_top";204092.063086;7285.008591;0.000000;0.000000;0.000000;1.000000;-0.000641;
